30,0.567789
60,0.727166
90,0.748994
120,0.748994
150,0.748994
180,0.758966
210,0.758966
240,0.758966
270,0.760391
300,0.760391
330,0.760391
360,0.760391
390,0.760391
420,0.760391
450,0.760391
480,0.760391
510,0.7955
540,0.7955
570,0.7955
600,0.7955
630,0.803084
660,0.820639
690,0.832035
720,0.832035
750,0.832035
780,0.832035
810,0.832035
840,0.832035
870,0.832035
900,0.832035
1134,0.833459
1164,0.833459
1194,0.833459
1224,0.833459
1254,0.835344
1284,0.835344
1314,0.835344
1344,0.835344
1374,0.835344
1404,0.845777
1434,0.845777
1464,0.845777
1494,0.863332
1524,0.863332
1554,0.863332
1584,0.863332
1614,0.863332
1644,0.863332
1674,0.863332
1704,0.863332
1734,0.863332
1764,0.863332
1794,0.863332
1824,0.863332
1854,0.863332
1884,0.863332
1914,0.863332
1944,0.863332
1974,0.863332
2004,0.863332
2238,0.866181
2268,0.878038
2298,0.878038
2328,0.878038
2358,0.878038
2388,0.878038
2418,0.878038
2448,0.878038
2478,0.878038
2508,0.878038
2538,0.878038
2568,0.878038
2598,0.878038
2628,0.878038
2658,0.878038
2688,0.878038
2718,0.878038
2748,0.878038
2778,0.878038
2808,0.878038
2838,0.878038
2868,0.878038
2898,0.878038
2928,0.878038
2958,0.878038
2988,0.878038
3018,0.878038
3048,0.878038
3078,0.878038
3108,0.878038
3342,0.895592
3372,0.9046
3402,0.9046
3432,0.9046
3462,0.9046
3492,0.9046
3522,0.9046
3552,0.9046
3582,0.9046
3612,0.9046
3642,0.9046
3672,0.9046
3702,0.9046
3732,0.9046
3762,0.9046
3792,0.9046
3822,0.9046
3852,0.9046
3882,0.9046
3912,0.9046
3942,0.9046
3972,0.9046
4002,0.9046
4032,0.9046
4062,0.9046
4092,0.9046
4122,0.9046
4152,0.9046
4182,0.9046
4212,0.9046
4446,0.906988
4476,0.906988
4506,0.906988
4536,0.906988
4566,0.906988
4596,0.906988
4626,0.906988
4656,0.906988
4686,0.906988
4716,0.906988
4746,0.906988
4776,0.906988
4806,0.906988
4836,0.910759
4866,0.910759
4896,0.910759
4926,0.910759
4956,0.910759
4986,0.910759
5016,0.910759
5046,0.910759
5076,0.910759
5106,0.910759
5136,0.914572
5166,0.914572
5196,0.914572
5226,0.914572
5256,0.914572
5286,0.914572
5316,0.914572
5550,0.914572
5580,0.914572
5610,0.914572
5640,0.914572
5670,0.914572
5700,0.914572
5730,0.914572
5760,0.914572
5790,0.914572
5820,0.914572
5850,0.914572
5880,0.914572
5910,0.914572
5940,0.914572
5970,0.914572
6000,0.914572
6030,0.914572
6060,0.914572
6090,0.914572
6120,0.914572
6150,0.914572
6180,0.914572
6210,0.914572
6240,0.914572
6270,0.914572
6300,0.914572
6330,0.914572
6360,0.914572
6390,0.914572
6420,0.914572
6654,0.914572
6684,0.914572
6714,0.914572
6744,0.914572
6774,0.914572
6804,0.914572
6834,0.914572
6864,0.914572
6894,0.914572
6924,0.914572
6954,0.914572
6984,0.914572
7014,0.914572
7044,0.914572
7074,0.914572
7104,0.914572
7134,0.914572
7164,0.914572
7194,0.914572
7224,0.914572
7254,0.914572
7284,0.914572
7314,0.914572
7344,0.914572
7374,0.914572
7404,0.914572
7434,0.914572
7464,0.914572
7494,0.914572
7524,0.914572
7758,0.914572
7788,0.914572
7818,0.914572
7848,0.914572
7878,0.914572
7908,0.914572
7938,0.914572
7968,0.914572
7998,0.914572
8028,0.914572
8058,0.914572
8088,0.914572
8118,0.914572
8148,0.914572
8178,0.914572
8208,0.914572
8238,0.914572
8268,0.914572
8298,0.914572
8328,0.914572
8358,0.914572
8388,0.914572
8418,0.914572
8448,0.914572
8478,0.914572
8508,0.914572
8538,0.914572
8568,0.914572
8598,0.914572
8628,0.914572
8862,0.914572
8892,0.914572
8922,0.914572
8952,0.914572
8982,0.914572
9012,0.914572
9042,0.914572
9072,0.914572
9102,0.914572
9132,0.914572
9162,0.914572
9192,0.914572
9222,0.914572
9252,0.914572
9282,0.914572
9312,0.914572
9342,0.914572
9372,0.914572
9402,0.914572
9432,0.914572
9462,0.914572
9492,0.914572
9522,0.914572
9552,0.914572
9582,0.914572
9612,0.914572
9642,0.914572
9672,0.914572
9702,0.914572
9732,0.914572
9966,0.915996
9996,0.915996
10026,0.915996
10056,0.915996
10086,0.915996
10116,0.915996
10146,0.915996
10176,0.915996
10206,0.915996
10236,0.915996
10266,0.915996
10296,0.915996
10326,0.915996
10356,0.915996
10386,0.915996
10416,0.915996
10446,0.915996
10476,0.915996
10506,0.915996
10536,0.915996
10566,0.915996
10596,0.915996
10626,0.915996
10656,0.915996
10686,0.915996
10716,0.915996
10746,0.915996
10776,0.915996
10806,0.915996
10836,0.915996
11070,0.915996
11100,0.915996
11130,0.915996
11160,0.915996
11190,0.915996
11220,0.915996
11250,0.915996
11280,0.915996
11310,0.915996
11340,0.915996
11370,0.915996
11400,0.915996
11430,0.915996
11460,0.915996
11490,0.915996
11520,0.915996
11550,0.915996
11580,0.915996
11610,0.915996
11640,0.915996
11670,0.915996
11700,0.915996
11730,0.915996
11760,0.915996
11790,0.915996
11820,0.915996
11850,0.915996
11880,0.915996
11910,0.915996
11940,0.915996
12174,0.915996
12204,0.915996
12234,0.915996
12264,0.915996
12294,0.915996
12324,0.915996
12354,0.915996
12384,0.915996
12414,0.915996
12444,0.915996
12474,0.915996
12504,0.915996
12534,0.915996
12564,0.915996
12594,0.915996
12624,0.915996
12654,0.915996
12684,0.915996
12714,0.915996
12744,0.915996
12774,0.915996
12804,0.915996
12834,0.915996
12864,0.915996
12894,0.915996
12924,0.915996
12954,0.915996
12984,0.915996
13014,0.915996
13044,0.915996
13278,0.915996
13308,0.915996
13338,0.915996
13368,0.915996
13398,0.915996
13428,0.915996
13458,0.915996
13488,0.915996
13518,0.915996
13548,0.915996
13578,0.915996
13608,0.915996
13638,0.915996
13668,0.915996
13698,0.915996
13728,0.915996
13758,0.915996
13788,0.915996
13818,0.915996
13848,0.915996
13878,0.915996
13908,0.915996
13938,0.915996
13968,0.915996
13998,0.915996
14028,0.915996
14058,0.915996
14088,0.915996
14118,0.915996
14148,0.915996
14382,0.915996
14412,0.915996
14442,0.915996
14472,0.915996
14502,0.915996
14532,0.915996
14562,0.915996
14592,0.915996
14622,0.915996
14652,0.915996
14682,0.915996
14712,0.915996
14742,0.915996
14772,0.915996
14802,0.915996
14832,0.915996
14862,0.915996
14892,0.915996
14922,0.915996
14952,0.915996
14982,0.915996
