30,0.567789
60,0.727166
90,0.748994
120,0.748994
150,0.748994
180,0.748994
210,0.748994
240,0.748994
270,0.748994
300,0.759427
330,0.759427
360,0.759427
390,0.766549
420,0.786953
450,0.786953
480,0.786953
510,0.786953
540,0.797386
570,0.805933
600,0.805933
630,0.807357
660,0.807357
690,0.807357
720,0.807357
750,0.829185
780,0.829185
810,0.829185
840,0.829185
870,0.829185
900,0.829185
930,0.829185
960,0.829185
990,0.835344
1020,0.835344
1050,0.835344
1080,0.835344
1110,0.835344
1140,0.835344
1170,0.835344
1200,0.852899
1230,0.852899
1260,0.852899
1290,0.852899
1320,0.859058
1350,0.859058
1380,0.859058
1410,0.859058
1440,0.859058
1470,0.859058
1500,0.859058
1530,0.859058
1560,0.859058
1590,0.859058
1620,0.859058
1650,0.859058
1680,0.859058
1710,0.859058
1740,0.859058
1770,0.859058
1800,0.859058
1830,0.859058
1860,0.863793
1890,0.863793
1920,0.868066
1950,0.878498
1980,0.878498
2010,0.878498
2040,0.878498
2070,0.878498
2100,0.888931
2130,0.888931
2160,0.888931
2190,0.888931
2220,0.888931
2250,0.888931
2280,0.888931
2310,0.888931
2340,0.888931
2370,0.888931
2400,0.888931
2430,0.888931
2460,0.888931
2490,0.888931
2520,0.888931
2550,0.888931
2580,0.888931
2610,0.888931
2640,0.888931
2670,0.888931
2700,0.888931
2730,0.888931
2760,0.888931
2790,0.888931
2820,0.888931
2850,0.890355
2880,0.890355
2910,0.89178
2940,0.89178
2970,0.89178
3000,0.89178
3030,0.89178
3060,0.89178
3090,0.89178
3120,0.898902
3150,0.898902
3180,0.898902
3210,0.898902
3240,0.898902
3270,0.898902
3300,0.898902
3330,0.898902
3360,0.9046
3390,0.9046
3420,0.9046
3450,0.9046
3480,0.9046
3510,0.9046
3540,0.9046
3570,0.9046
3600,0.9046
3630,0.9046
3660,0.9046
3690,0.9046
3720,0.9046
3750,0.9046
3780,0.9046
3810,0.9046
3840,0.9046
3870,0.9046
3900,0.9046
3930,0.9046
3960,0.9046
3990,0.9046
4020,0.9046
4050,0.9046
4080,0.9046
4110,0.9046
4140,0.906025
4170,0.910759
4200,0.910759
4230,0.910759
4260,0.910759
4290,0.910759
4320,0.910759
4350,0.910759
4380,0.910759
4410,0.910759
4440,0.910759
4470,0.910759
4500,0.910759
4530,0.910759
4560,0.910759
4590,0.910759
4620,0.910759
4650,0.913147
4680,0.913147
4710,0.913147
4740,0.913147
4770,0.913147
4800,0.913147
4830,0.913147
4860,0.913147
4890,0.913147
4920,0.913147
4950,0.913147
4980,0.913147
5010,0.913147
5040,0.913147
5070,0.913147
5100,0.913147
5130,0.913147
5160,0.913147
5190,0.913147
5220,0.913147
5250,0.913147
5280,0.913147
5310,0.913147
5340,0.913147
5370,0.913147
5400,0.913147
5430,0.913147
5460,0.913147
5490,0.913147
5520,0.913147
5550,0.913147
5580,0.913147
5610,0.913147
5640,0.913147
5670,0.913147
5700,0.913147
5730,0.913147
5760,0.913147
5790,0.913147
5820,0.913147
5850,0.913147
5880,0.913147
5910,0.913147
5940,0.913147
5970,0.913147
6000,0.913147
6030,0.913147
6060,0.913147
6090,0.913147
6120,0.913147
6150,0.913147
6180,0.913147
6210,0.913147
6240,0.913147
6270,0.913147
6300,0.913147
6330,0.913147
6360,0.913147
6390,0.913147
6420,0.913147
6450,0.913147
6480,0.913147
6510,0.913147
6540,0.913147
6570,0.913147
6600,0.913147
6630,0.913147
6660,0.913147
6690,0.913147
6720,0.913147
6750,0.913147
6780,0.913147
6810,0.913147
6840,0.913147
6870,0.913147
6900,0.913147
6930,0.913147
6960,0.913147
6990,0.913147
7020,0.913147
7050,0.913147
7080,0.913147
7110,0.913147
7140,0.913147
7170,0.913147
7200,0.913147
7230,0.913147
7260,0.913147
7290,0.913147
7320,0.913147
7350,0.913147
7380,0.913147
7410,0.913147
7440,0.913147
7470,0.913147
7500,0.913147
7530,0.913147
7560,0.913147
7590,0.913147
7620,0.913147
7650,0.913147
7680,0.913147
7710,0.913147
7740,0.913147
7770,0.913147
7800,0.913147
7830,0.913147
7860,0.913147
7890,0.913147
7920,0.913147
7950,0.913147
7980,0.913147
8010,0.913147
8040,0.913147
8070,0.913147
8100,0.913147
8130,0.913147
8160,0.913147
8190,0.913147
8220,0.913147
8250,0.913147
8280,0.913147
8310,0.913147
8340,0.913147
8370,0.913147
8400,0.913147
8430,0.913147
8460,0.913147
8490,0.913147
8520,0.913147
8550,0.913147
8580,0.913147
8610,0.913147
8640,0.913147
8670,0.913147
8700,0.913147
8730,0.913147
8760,0.913147
8790,0.913147
8820,0.913147
8850,0.913147
8880,0.913147
8910,0.913147
8940,0.913147
8970,0.913147
9000,0.913147
9030,0.913147
9060,0.913147
9090,0.913147
9120,0.913147
9150,0.913147
9180,0.913147
9210,0.913147
9240,0.913147
9270,0.913147
9300,0.913147
9330,0.913147
9360,0.913147
9390,0.913147
9420,0.913147
9450,0.913147
9480,0.913147
9510,0.913147
9540,0.913147
9570,0.913147
9600,0.913147
9630,0.913147
9660,0.913147
9690,0.913147
9720,0.913147
9750,0.913147
9780,0.913147
9810,0.913147
9840,0.913147
9870,0.913147
9900,0.913147
9930,0.913147
9960,0.913147
9990,0.913147
10020,0.913147
10050,0.913147
10080,0.913147
10110,0.913147
10140,0.913147
10170,0.913147
10200,0.913147
10230,0.913147
10260,0.913147
10290,0.913147
10320,0.913147
10350,0.913147
10380,0.913147
10410,0.913147
10440,0.913147
10470,0.913147
10500,0.913147
10530,0.913147
10560,0.913147
10590,0.913147
10620,0.913147
10650,0.913147
10680,0.913608
10710,0.913608
10740,0.913608
10770,0.913608
10800,0.913608
10830,0.913608
10860,0.913608
10890,0.913608
10920,0.913608
10950,0.913608
10980,0.913608
11010,0.913608
11040,0.913608
11070,0.913608
11100,0.913608
11130,0.913608
11160,0.913608
11190,0.913608
11220,0.913608
11250,0.913608
11280,0.913608
11310,0.913608
11340,0.913608
11370,0.913608
11400,0.913608
11430,0.913608
11460,0.913608
11490,0.913608
11520,0.913608
11550,0.913608
11580,0.913608
11610,0.913608
11640,0.913608
11670,0.913608
11700,0.913608
11730,0.913608
11760,0.913608
11790,0.913608
11820,0.913608
11850,0.913608
11880,0.913608
11910,0.913608
11940,0.913608
11970,0.913608
12000,0.913608
12030,0.913608
12060,0.913608
12090,0.913608
12120,0.913608
12150,0.913608
12180,0.913608
12210,0.913608
12240,0.913608
12270,0.913608
12300,0.913608
12330,0.913608
12360,0.913608
12390,0.913608
12420,0.913608
12450,0.913608
12480,0.913608
12510,0.913608
12540,0.913608
12570,0.913608
12600,0.913608
12630,0.913608
12660,0.913608
12690,0.913608
12720,0.913608
12750,0.915033
12780,0.915033
12810,0.915033
12840,0.915033
12870,0.915033
12900,0.915033
12930,0.915033
12960,0.915033
12990,0.915033
13020,0.915033
13050,0.915033
13080,0.915033
13110,0.915033
13140,0.915033
13170,0.915033
13200,0.915033
13230,0.915033
13260,0.915033
13290,0.915033
13320,0.915033
13350,0.915033
13380,0.915033
13410,0.915033
13440,0.915033
13470,0.915033
13500,0.915033
13530,0.915033
13560,0.915033
13590,0.915033
13620,0.915033
13650,0.915033
13680,0.915033
13710,0.915033
13740,0.915033
13770,0.915033
13800,0.915033
13830,0.915033
13860,0.915033
13890,0.915033
13920,0.915033
13950,0.915033
13980,0.915033
14010,0.915033
14040,0.915033
14070,0.915033
14100,0.915033
14130,0.915033
14160,0.915033
14190,0.915033
14220,0.915033
14250,0.915033
14280,0.915033
14310,0.915033
14340,0.915033
14370,0.915033
14400,0.915033
14430,0.915033
14460,0.915033
14490,0.915033
14520,0.915033
14550,0.915033
14580,0.915033
14610,0.915033
14640,0.915033
14670,0.915033
14700,0.915033
14730,0.915033
14760,0.915033
14790,0.915033
14820,0.915033
14850,0.915033
14880,0.915033
14910,0.915033
14940,0.915033
14970,0.915033
