30,0.565268
60,0.716667
90,0.754779
120,0.756643
150,0.785198
180,0.785198
210,0.813054
240,0.813054
270,0.828089
300,0.828089
330,0.828089
360,0.828089
390,0.828089
420,0.828089
450,0.828089
480,0.828089
510,0.828089
540,0.828089
570,0.828089
600,0.828089
630,0.828089
660,0.828089
690,0.828089
720,0.828089
750,0.828089
780,0.828089
810,0.828089
840,0.828089
870,0.828089
900,0.828089
1062,0.830653
1092,0.830653
1122,0.830653
1152,0.830653
1182,0.85338
1212,0.85338
1242,0.85338
1272,0.85338
1302,0.85338
1332,0.85338
1362,0.85338
1392,0.870979
1422,0.873543
1452,0.873543
1482,0.873543
1512,0.873543
1542,0.873543
1572,0.873543
1602,0.876107
1632,0.876107
1662,0.876107
1692,0.876107
1722,0.876107
1752,0.876107
1782,0.876107
1812,0.876107
1842,0.876107
1872,0.876107
1902,0.876107
1932,0.876107
2094,0.876107
2124,0.876107
2154,0.876107
2184,0.89627
2214,0.89627
2244,0.89627
2274,0.89627
2304,0.89627
2334,0.89627
2364,0.89627
2394,0.89627
2424,0.89627
2454,0.89627
2484,0.89627
2514,0.89627
2544,0.89627
2574,0.89627
2604,0.89627
2634,0.89627
2664,0.89627
2694,0.89627
2724,0.89627
2754,0.89627
2784,0.89627
2814,0.89627
2844,0.89627
2874,0.89627
2904,0.89627
2934,0.89627
2964,0.89627
3126,0.898834
3156,0.898834
3186,0.898834
3216,0.898834
3246,0.898834
3276,0.898834
3306,0.898834
3336,0.898834
3366,0.898834
3396,0.898834
3426,0.898834
3456,0.898834
3486,0.898834
3516,0.898834
3546,0.898834
3576,0.898834
3606,0.898834
3636,0.898834
3666,0.898834
3696,0.898834
3726,0.898834
3756,0.898834
3786,0.898834
3816,0.898834
3846,0.898834
3876,0.898834
3906,0.898834
3936,0.898834
3966,0.898834
3996,0.898834
4158,0.898834
4188,0.898834
4218,0.898834
4248,0.898834
4278,0.898834
4308,0.898834
4338,0.898834
4368,0.898834
4398,0.898834
4428,0.898834
4458,0.898834
4488,0.898834
4518,0.898834
4548,0.898834
4578,0.898834
4608,0.898834
4638,0.898834
4668,0.898834
4698,0.898834
4728,0.898834
4758,0.898834
4788,0.898834
4818,0.898834
4848,0.898834
4878,0.898834
4908,0.898834
4938,0.898834
4968,0.898834
4998,0.898834
5028,0.898834
5190,0.898834
5220,0.898834
5250,0.898834
5280,0.898834
5310,0.898834
5340,0.898834
5370,0.898834
5400,0.898834
5430,0.898834
5460,0.898834
5490,0.898834
5520,0.898834
5550,0.898834
5580,0.898834
5610,0.898834
5640,0.898834
5670,0.898834
5700,0.898834
5730,0.898834
5760,0.898834
5790,0.898834
5820,0.898834
5850,0.898834
5880,0.898834
5910,0.898834
5940,0.898834
5970,0.898834
6000,0.898834
6030,0.898834
6060,0.898834
6222,0.898834
6252,0.898834
6282,0.898834
6312,0.898834
6342,0.898834
6372,0.898834
6402,0.898834
6432,0.898834
6462,0.898834
6492,0.898834
6522,0.898834
6552,0.898834
6582,0.898834
6612,0.898834
6642,0.898834
6672,0.898834
6702,0.898834
6732,0.898834
6762,0.898834
6792,0.898834
6822,0.898834
6852,0.898834
6882,0.898834
6912,0.898834
6942,0.898834
6972,0.898834
7002,0.898834
7032,0.898834
7062,0.898834
7092,0.898834
7254,0.898834
7284,0.898834
7314,0.898834
7344,0.898834
7374,0.898834
7404,0.898834
7434,0.898834
7464,0.898834
7494,0.898834
7524,0.898834
7554,0.898834
7584,0.898834
7614,0.898834
7644,0.898834
7674,0.898834
7704,0.898834
7734,0.898834
7764,0.898834
7794,0.898834
7824,0.898834
7854,0.898834
7884,0.898834
7914,0.898834
7944,0.898834
7974,0.898834
8004,0.898834
8034,0.898834
8064,0.898834
8094,0.898834
8124,0.898834
8286,0.898834
8316,0.898834
8346,0.898834
8376,0.898834
8406,0.898834
8436,0.898834
8466,0.898834
8496,0.898834
8526,0.898834
8556,0.898834
8586,0.898834
8616,0.898834
8646,0.898834
8676,0.898834
8706,0.898834
8736,0.898834
8766,0.898834
8796,0.898834
8826,0.898834
8856,0.898834
8886,0.898834
8916,0.898834
8946,0.898834
8976,0.898834
9006,0.898834
9036,0.898834
9066,0.898834
9096,0.898834
9126,0.898834
9156,0.898834
9318,0.898834
9348,0.898834
9378,0.898834
9408,0.898834
9438,0.898834
9468,0.898834
9498,0.898834
9528,0.898834
9558,0.898834
9588,0.898834
9618,0.898834
9648,0.898834
9678,0.898834
9708,0.898834
9738,0.898834
9768,0.898834
9798,0.898834
9828,0.898834
9858,0.898834
9888,0.898834
9918,0.898834
9948,0.898834
9978,0.898834
10008,0.898834
10038,0.898834
10068,0.898834
10098,0.898834
10128,0.898834
10158,0.898834
10188,0.898834
10350,0.898834
10380,0.898834
10410,0.898834
10440,0.898834
10470,0.898834
10500,0.898834
10530,0.898834
10560,0.898834
10590,0.898834
10620,0.898834
10650,0.898834
10680,0.898834
10710,0.898834
10740,0.898834
10770,0.898834
10800,0.898834
10830,0.898834
10860,0.898834
10890,0.898834
10920,0.898834
10950,0.898834
10980,0.898834
11010,0.898834
11040,0.898834
11070,0.898834
11100,0.898834
11130,0.898834
11160,0.898834
11190,0.898834
11220,0.898834
11382,0.898834
11412,0.898834
11442,0.898834
11472,0.898834
11502,0.898834
11532,0.898834
11562,0.898834
11592,0.898834
11622,0.898834
11652,0.898834
11682,0.898834
11712,0.898834
11742,0.898834
11772,0.898834
11802,0.898834
11832,0.898834
11862,0.898834
11892,0.898834
11922,0.898834
11952,0.898834
11982,0.898834
12012,0.898834
12042,0.898834
12072,0.898834
12102,0.898834
12132,0.898834
12162,0.898834
12192,0.898834
12222,0.898834
12252,0.898834
12414,0.898834
12444,0.898834
12474,0.898834
12504,0.898834
12534,0.898834
12564,0.898834
12594,0.898834
12624,0.898834
12654,0.898834
12684,0.898834
12714,0.898834
12744,0.898834
12774,0.898834
12804,0.898834
12834,0.898834
12864,0.898834
12894,0.898834
12924,0.898834
12954,0.898834
12984,0.898834
13014,0.898834
13044,0.898834
13074,0.898834
13104,0.898834
13134,0.898834
13164,0.898834
13194,0.898834
13224,0.898834
13254,0.898834
13284,0.898834
13446,0.898834
13476,0.898834
13506,0.898834
13536,0.898834
13566,0.898834
13596,0.898834
13626,0.898834
13656,0.898834
13686,0.898834
13716,0.898834
13746,0.898834
13776,0.898834
13806,0.898834
13836,0.898834
13866,0.898834
13896,0.898834
13926,0.898834
13956,0.898834
13986,0.898834
14016,0.898834
14046,0.898834
14076,0.898834
14106,0.898834
14136,0.898834
14166,0.898834
14196,0.898834
14226,0.898834
14256,0.898834
14286,0.898834
14316,0.898834
14478,0.898834
14508,0.898834
14538,0.898834
14568,0.898834
14598,0.898834
14628,0.898834
14658,0.898834
14688,0.898834
14718,0.898834
14748,0.898834
14778,0.898834
14808,0.898834
14838,0.898834
14868,0.898834
14898,0.898834
14928,0.898834
14958,0.898834
14988,0.898834
