30,0.565268
60,0.716667
90,0.754779
120,0.757343
150,0.757343
180,0.757343
210,0.782634
240,0.842774
270,0.842774
300,0.845338
330,0.862937
360,0.862937
390,0.862937
420,0.862937
450,0.862937
480,0.862937
510,0.862937
540,0.862937
570,0.862937
600,0.862937
630,0.862937
660,0.862937
690,0.862937
720,0.862937
750,0.862937
780,0.862937
810,0.862937
840,0.862937
870,0.865501
900,0.865501
930,0.865501
960,0.885664
990,0.885664
1020,0.885664
1050,0.885664
1080,0.885664
1110,0.885664
1140,0.885664
1170,0.885664
1200,0.885664
1230,0.885664
1260,0.885664
1290,0.885664
1320,0.885664
1350,0.885664
1380,0.885664
1410,0.885664
1440,0.885664
1470,0.885664
1500,0.885664
1530,0.885664
1560,0.885664
1590,0.885664
1620,0.885664
1650,0.885664
1680,0.885664
1710,0.888578
1740,0.888578
1770,0.888578
1800,0.888578
1830,0.888578
1860,0.888578
1890,0.888578
1920,0.888578
1950,0.888578
1980,0.888578
2010,0.888578
2040,0.888578
2070,0.888578
2100,0.888578
2130,0.888578
2160,0.888578
2190,0.888578
2220,0.888578
2250,0.888578
2280,0.888578
2310,0.888578
2340,0.888578
2370,0.888578
2400,0.888578
2430,0.888578
2460,0.888578
2490,0.888578
2520,0.888578
2550,0.888578
2580,0.888578
2610,0.888578
2640,0.888578
2670,0.888578
2700,0.888578
2730,0.888578
2760,0.888578
2790,0.888578
2820,0.888578
2850,0.888578
2880,0.888578
2910,0.888578
2940,0.888578
2970,0.888578
3000,0.888578
3030,0.888578
3060,0.888578
3090,0.888578
3120,0.888578
3150,0.888578
3180,0.888578
3210,0.888578
3240,0.888578
3270,0.888578
3300,0.888578
3330,0.888578
3360,0.888578
3390,0.888578
3420,0.888578
3450,0.888578
3480,0.888578
3510,0.888578
3540,0.888578
3570,0.888578
3600,0.888578
3630,0.888578
3660,0.888578
3690,0.888578
3720,0.888578
3750,0.888578
3780,0.888578
3810,0.888578
3840,0.888578
3870,0.888578
3900,0.888578
3930,0.888578
3960,0.888578
3990,0.888578
4020,0.888578
4050,0.888578
4080,0.888578
4110,0.888578
4140,0.888578
4170,0.888578
4200,0.888578
4230,0.888578
4260,0.888578
4290,0.888578
4320,0.888578
4350,0.888578
4380,0.888578
4410,0.888578
4440,0.888578
4470,0.888578
4500,0.888578
4530,0.888578
4560,0.888578
4590,0.888578
4620,0.888578
4650,0.888578
4680,0.888578
4710,0.888578
4740,0.888578
4770,0.888578
4800,0.888578
4830,0.888578
4860,0.888578
4890,0.888578
4920,0.888578
4950,0.888578
4980,0.888578
5010,0.888578
5040,0.888578
5070,0.888578
5100,0.888578
5130,0.888578
5160,0.888578
5190,0.888578
5220,0.888578
5250,0.888578
5280,0.888578
5310,0.888578
5340,0.888578
5370,0.888578
5400,0.888578
5430,0.888578
5460,0.888578
5490,0.888578
5520,0.888578
5550,0.888578
5580,0.888578
5610,0.888578
5640,0.888578
5670,0.888578
5700,0.888578
5730,0.888578
5760,0.888578
5790,0.888578
5820,0.888578
5850,0.888578
5880,0.888578
5910,0.888578
5940,0.888578
5970,0.888578
6000,0.888578
6030,0.888578
6060,0.888578
6090,0.888578
6120,0.888578
6150,0.888578
6180,0.888578
6210,0.888578
6240,0.888578
6270,0.888578
6300,0.888578
6330,0.888578
6360,0.888578
6390,0.888578
6420,0.888578
6450,0.888578
6480,0.888578
6510,0.888578
6540,0.888578
6570,0.888578
6600,0.888578
6630,0.888578
6660,0.888578
6690,0.888578
6720,0.888578
6750,0.888578
6780,0.888578
6810,0.888578
6840,0.888578
6870,0.888578
6900,0.888578
6930,0.888578
6960,0.888578
6990,0.888578
7020,0.888578
7050,0.888578
7080,0.888578
7110,0.888578
7140,0.888578
7170,0.888578
7200,0.888578
7230,0.888578
7260,0.888578
7290,0.888578
7320,0.888578
7350,0.888578
7380,0.888578
7410,0.888578
7440,0.888578
7470,0.888578
7500,0.888578
7530,0.888578
7560,0.888578
7590,0.888578
7620,0.888578
7650,0.888578
7680,0.888578
7710,0.888578
7740,0.888578
7770,0.888578
7800,0.888578
7830,0.888578
7860,0.888578
7890,0.888578
7920,0.888578
7950,0.888578
7980,0.888578
8010,0.888578
8040,0.888578
8070,0.888578
8100,0.888578
8130,0.888578
8160,0.888578
8190,0.888578
8220,0.888578
8250,0.888578
8280,0.888578
8310,0.888578
8340,0.888578
8370,0.888578
8400,0.888578
8430,0.888578
8460,0.888578
8490,0.888578
8520,0.888578
8550,0.888578
8580,0.888578
8610,0.888578
8640,0.888578
8670,0.888578
8700,0.888578
8730,0.888578
8760,0.888578
8790,0.888578
8820,0.888578
8850,0.888578
8880,0.888578
8910,0.888578
8940,0.888578
8970,0.888578
9000,0.888578
9030,0.888578
9060,0.893007
9090,0.893007
9120,0.893007
9150,0.893007
9180,0.893007
9210,0.893007
9240,0.893007
9270,0.898485
9300,0.898485
9330,0.898485
9360,0.898485
9390,0.898485
9420,0.898485
9450,0.898485
9480,0.898485
9510,0.898485
9540,0.898485
9570,0.898485
9600,0.898485
9630,0.898485
9660,0.898485
9690,0.898485
9720,0.898485
9750,0.898485
9780,0.898485
9810,0.898485
9840,0.898485
9870,0.898485
9900,0.898485
9930,0.898485
9960,0.898485
9990,0.898485
10020,0.898485
10050,0.898485
10080,0.898485
10110,0.898485
10140,0.898485
10170,0.898485
10200,0.898485
10230,0.901049
10260,0.901049
10290,0.901049
10320,0.901049
10350,0.901049
10380,0.901049
10410,0.901049
10440,0.901049
10470,0.901049
10500,0.901049
10530,0.901049
10560,0.901049
10590,0.901049
10620,0.901049
10650,0.901049
10680,0.901049
10710,0.901049
10740,0.901049
10770,0.901049
10800,0.901049
10830,0.901049
10860,0.901049
10890,0.901049
10920,0.901049
10950,0.901049
10980,0.901049
11010,0.901049
11040,0.901049
11070,0.901049
11100,0.901049
11130,0.901049
11160,0.901049
11190,0.901049
11220,0.901049
11250,0.901049
11280,0.901049
11310,0.901049
11340,0.901049
11370,0.901049
11400,0.901049
11430,0.901049
11460,0.901049
11490,0.901049
11520,0.901049
11550,0.901049
11580,0.901049
11610,0.901049
11640,0.901049
11670,0.901049
11700,0.901049
11730,0.901049
11760,0.901049
11790,0.901049
11820,0.901049
11850,0.901049
11880,0.901049
11910,0.901049
11940,0.901049
11970,0.901049
12000,0.901049
12030,0.901049
12060,0.901049
12090,0.901049
12120,0.901049
12150,0.901049
12180,0.901049
12210,0.901049
12240,0.901049
12270,0.901049
12300,0.901049
12330,0.901049
12360,0.901049
12390,0.901049
12420,0.901049
12450,0.901049
12480,0.901049
12510,0.901049
12540,0.901049
12570,0.901049
12600,0.901049
12630,0.901049
12660,0.901049
12690,0.901049
12720,0.901049
12750,0.901049
12780,0.901049
12810,0.901049
12840,0.901049
12870,0.901049
12900,0.901049
12930,0.901049
12960,0.901049
12990,0.901049
13020,0.901049
13050,0.901049
13080,0.901049
13110,0.901049
13140,0.901049
13170,0.901049
13200,0.901049
13230,0.901049
13260,0.901049
13290,0.901049
13320,0.901049
13350,0.901049
13380,0.901049
13410,0.901049
13440,0.901049
13470,0.901049
13500,0.901049
13530,0.901049
13560,0.901049
13590,0.901049
13620,0.901049
13650,0.901049
13680,0.901049
13710,0.901049
13740,0.901049
13770,0.901049
13800,0.901049
13830,0.901049
13860,0.901049
13890,0.901049
13920,0.901049
13950,0.901049
13980,0.901049
14010,0.901049
14040,0.901049
14070,0.901049
14100,0.901049
14130,0.901049
14160,0.901049
14190,0.901049
14220,0.901049
14250,0.901049
14280,0.901049
14310,0.901049
14340,0.901049
14370,0.901049
14400,0.901049
14430,0.901049
14460,0.901049
14490,0.901049
14520,0.901049
14550,0.901049
14580,0.901049
14610,0.901049
14640,0.901049
14670,0.901049
14700,0.901049
14730,0.901049
14760,0.901049
14790,0.901049
14820,0.901049
14850,0.901049
14880,0.901049
14910,0.901049
14940,0.901049
14970,0.901049
