30,0.565268
60,0.716667
90,0.802098
120,0.832168
150,0.867716
180,0.873194
210,0.880186
240,0.880186
270,0.880186
300,0.880186
330,0.880186
360,0.880186
390,0.880186
420,0.880186
450,0.880186
480,0.880186
510,0.880186
540,0.880186
570,0.880186
600,0.880186
630,0.880186
660,0.880186
690,0.880186
720,0.880186
750,0.880186
780,0.880186
810,0.880186
840,0.880186
870,0.880186
900,0.880186
930,0.880186
960,0.880186
990,0.880186
1020,0.880186
1050,0.880186
1080,0.880186
1110,0.880186
1140,0.880186
1170,0.880186
1200,0.880186
1230,0.880186
1260,0.880186
1290,0.880186
1320,0.880186
1350,0.880186
1380,0.880186
1410,0.880186
1440,0.880186
1470,0.880186
1500,0.880186
1530,0.880186
1560,0.880186
1590,0.880186
1620,0.880186
1650,0.880186
1680,0.885664
1710,0.888578
1740,0.888578
1770,0.888578
1800,0.888578
1830,0.888578
1860,0.888578
1890,0.888578
1920,0.888578
1950,0.888578
1980,0.888578
2010,0.888578
2040,0.888578
2070,0.888578
2100,0.888578
2130,0.888578
2160,0.888578
2190,0.888578
2220,0.888578
2250,0.888578
2280,0.888578
2310,0.888578
2340,0.888578
2370,0.888578
2400,0.888578
2430,0.888578
2460,0.888578
2490,0.888578
2520,0.888578
2550,0.888578
2580,0.888578
2610,0.888578
2640,0.888578
2670,0.888578
2700,0.888578
2730,0.888578
2760,0.888578
2790,0.888578
2820,0.888578
2850,0.888578
2880,0.888578
2910,0.888578
2940,0.888578
2970,0.888578
3000,0.888578
3030,0.888578
3060,0.888578
3090,0.888578
3120,0.888578
3150,0.888578
3180,0.888578
3210,0.888578
3240,0.888578
3270,0.888578
3300,0.888578
3330,0.888578
3360,0.888578
3390,0.888578
3420,0.888578
3450,0.888578
3480,0.888578
3510,0.888578
3540,0.888578
3570,0.888578
3600,0.888578
3630,0.888578
3660,0.888578
3690,0.888578
3720,0.888578
3750,0.888578
3780,0.888578
3810,0.888578
3840,0.888578
3870,0.888578
3900,0.888578
3930,0.888578
3960,0.888578
3990,0.888578
4020,0.888578
4050,0.888578
4080,0.888578
4110,0.888578
4140,0.888578
4170,0.888578
4200,0.888578
4230,0.888578
4260,0.888578
4290,0.888578
4320,0.888578
4350,0.888578
4380,0.888578
4410,0.888578
4440,0.888578
4470,0.888578
4500,0.888578
4530,0.888578
4560,0.888578
4590,0.888578
4620,0.888578
4650,0.888578
4680,0.888578
4710,0.888578
4740,0.888578
4770,0.888578
4800,0.888578
4830,0.888578
4860,0.888578
4890,0.888578
4920,0.888578
4950,0.888578
4980,0.888578
5010,0.888578
5040,0.888578
5070,0.888578
5100,0.888578
5130,0.888578
5160,0.888578
5190,0.888578
5220,0.888578
5250,0.888578
5280,0.888578
5310,0.888578
5340,0.888578
5370,0.888578
5400,0.888578
5430,0.888578
5460,0.888578
5490,0.888578
5520,0.888578
5550,0.888578
5580,0.888578
5610,0.888578
5640,0.888578
5670,0.888578
5700,0.888578
5730,0.888578
5760,0.888578
5790,0.888578
5820,0.888578
5850,0.888578
5880,0.888578
5910,0.888578
5940,0.888578
5970,0.888578
6000,0.888578
6030,0.888578
6060,0.888578
6090,0.888578
6120,0.888578
6150,0.888578
6180,0.888578
6210,0.888578
6240,0.888578
6270,0.888578
6300,0.888578
6330,0.888578
6360,0.888578
6390,0.888578
6420,0.888578
6450,0.888578
6480,0.888578
6510,0.888578
6540,0.888578
6570,0.888578
6600,0.888578
6630,0.888578
6660,0.888578
6690,0.888578
6720,0.888578
6750,0.888578
6780,0.888578
6810,0.888578
6840,0.888578
6870,0.888578
6900,0.888578
6930,0.888578
6960,0.888578
6990,0.888578
7020,0.888578
7050,0.888578
7080,0.888578
7110,0.888578
7140,0.888578
7170,0.888578
7200,0.888578
7230,0.888578
7260,0.888578
7290,0.888578
7320,0.888578
7350,0.888578
7380,0.888578
7410,0.888578
7440,0.888578
7470,0.888578
7500,0.888578
7530,0.888578
7560,0.888578
7590,0.888578
7620,0.888578
7650,0.888578
7680,0.888578
7710,0.888578
7740,0.888578
7770,0.888578
7800,0.888578
7830,0.888578
7860,0.888578
7890,0.888578
7920,0.888578
7950,0.888578
7980,0.888578
8010,0.888578
8040,0.888578
8070,0.888578
8100,0.888578
8130,0.888578
8160,0.888578
8190,0.888578
8220,0.888578
8250,0.888578
8280,0.888578
8310,0.888578
8340,0.888578
8370,0.888578
8400,0.888578
8430,0.888578
8460,0.888578
8490,0.888578
8520,0.888578
8550,0.888578
8580,0.888578
8610,0.888578
8640,0.888578
8670,0.888578
8700,0.888578
8730,0.888578
8760,0.888578
8790,0.888578
8820,0.888578
8850,0.888578
8880,0.888578
8910,0.888578
8940,0.888578
8970,0.888578
9000,0.888578
9030,0.888578
9060,0.888578
9090,0.888578
9120,0.888578
9150,0.888578
9180,0.888578
9210,0.888578
9240,0.888578
9270,0.888578
9300,0.888578
9330,0.888578
9360,0.888578
9390,0.888578
9420,0.888578
9450,0.888578
9480,0.888578
9510,0.888578
9540,0.888578
9570,0.888578
9600,0.888578
9630,0.888578
9660,0.888578
9690,0.888578
9720,0.888578
9750,0.888578
9780,0.888578
9810,0.888578
9840,0.888578
9870,0.888578
9900,0.888578
9930,0.888578
9960,0.888578
9990,0.888578
10020,0.888578
10050,0.888578
10080,0.888578
10110,0.888578
10140,0.888578
10170,0.888578
10200,0.888578
10230,0.888578
10260,0.888578
10290,0.888578
10320,0.888578
10350,0.888578
10380,0.888578
10410,0.888578
10440,0.888578
10470,0.888578
10500,0.888578
10530,0.888578
10560,0.888578
10590,0.888578
10620,0.888578
10650,0.888578
10680,0.888578
10710,0.888578
10740,0.888578
10770,0.888578
10800,0.888578
10830,0.888578
10860,0.888578
10890,0.888578
10920,0.888578
10950,0.888578
10980,0.888578
11010,0.888578
11040,0.888578
11070,0.888578
11100,0.888578
11130,0.888578
11160,0.888578
11190,0.888578
11220,0.888578
11250,0.888578
11280,0.888578
11310,0.888578
11340,0.888578
11370,0.888578
11400,0.888578
11430,0.888578
11460,0.888578
11490,0.888578
11520,0.888578
11550,0.888578
11580,0.888578
11610,0.888578
11640,0.888578
11670,0.888578
11700,0.888578
11730,0.888578
11760,0.888578
11790,0.888578
11820,0.888578
11850,0.888578
11880,0.888578
11910,0.888578
11940,0.888578
11970,0.888578
12000,0.888578
12030,0.888578
12060,0.891142
12090,0.891142
12120,0.891142
12150,0.891142
12180,0.891142
12210,0.891142
12240,0.891142
12270,0.891142
12300,0.891142
12330,0.891142
12360,0.891142
12390,0.891142
12420,0.891142
12450,0.891142
12480,0.891142
12510,0.891142
12540,0.891142
12570,0.891142
12600,0.891142
12630,0.891142
12660,0.891142
12690,0.891142
12720,0.891142
12750,0.891142
12780,0.891142
12810,0.891142
12840,0.891142
12870,0.891142
12900,0.891142
12930,0.891142
12960,0.891142
12990,0.891142
13020,0.891142
13050,0.891142
13080,0.891142
13110,0.891142
13140,0.891142
13170,0.891142
13200,0.891142
13230,0.891142
13260,0.891142
13290,0.891142
13320,0.891142
13350,0.891142
13380,0.891142
13410,0.891142
13440,0.891142
13470,0.891142
13500,0.891142
13530,0.891142
13560,0.891142
13590,0.891142
13620,0.891142
13650,0.891142
13680,0.891142
13710,0.891142
13740,0.891142
13770,0.891142
13800,0.891142
13830,0.891142
13860,0.891142
13890,0.891142
13920,0.891142
13950,0.891142
13980,0.891142
14010,0.891142
14040,0.891142
14070,0.891142
14100,0.891142
14130,0.891142
14160,0.891142
14190,0.891142
14220,0.891142
14250,0.891142
14280,0.891142
14310,0.891142
14340,0.891142
14370,0.891142
14400,0.891142
14430,0.891142
14460,0.891142
14490,0.891142
14520,0.891142
14550,0.891142
14580,0.891142
14610,0.891142
14640,0.891142
14670,0.891142
14700,0.891142
14730,0.891142
14760,0.891142
14790,0.891142
14820,0.891142
14850,0.891142
14880,0.891142
14910,0.891142
14940,0.891142
14970,0.891142
