30,0.565268
60,0.716667
90,0.754779
120,0.757343
150,0.757343
180,0.757343
210,0.785198
240,0.817483
270,0.817483
300,0.817483
330,0.817483
360,0.84021
390,0.84021
420,0.84021
450,0.865501
480,0.865501
510,0.865501
540,0.865501
570,0.865501
600,0.865501
630,0.865501
660,0.865501
690,0.865501
720,0.865501
750,0.865501
780,0.865501
810,0.865501
840,0.865501
870,0.865501
900,0.865501
930,0.865501
960,0.865501
990,0.865501
1020,0.865501
1050,0.865501
1080,0.865501
1110,0.865501
1140,0.865501
1170,0.865501
1200,0.865501
1259,0.868065
1289,0.877972
1319,0.880186
1349,0.880186
1379,0.880186
1409,0.880186
1439,0.880186
1469,0.880186
1499,0.880186
1529,0.880186
1559,0.880186
1589,0.880186
1619,0.880186
1649,0.880186
1679,0.880186
1709,0.880186
1739,0.880186
1769,0.880186
1799,0.880186
1829,0.880186
1859,0.880186
1889,0.880186
1919,0.880186
1949,0.880186
2008,0.885315
2038,0.885315
2068,0.885315
2098,0.885315
2128,0.885315
2158,0.885315
2188,0.885315
2218,0.885315
2248,0.885315
2278,0.885315
2308,0.885315
2338,0.885315
2368,0.885315
2398,0.885315
2428,0.885315
2458,0.885315
2488,0.885315
2518,0.885315
2548,0.885315
2578,0.885315
2608,0.885315
2638,0.885315
2668,0.885315
2698,0.885315
2728,0.885315
2787,0.885315
2817,0.885315
2847,0.885315
2877,0.885315
2907,0.885315
2937,0.885315
2967,0.885315
2997,0.885315
3027,0.885315
3057,0.885315
3087,0.885315
3117,0.885315
3147,0.885315
3177,0.885315
3207,0.885315
3237,0.885315
3267,0.885315
3297,0.885315
3327,0.885315
3357,0.885315
3416,0.885315
3446,0.885315
3476,0.885315
3506,0.885315
3536,0.885315
3566,0.885315
3596,0.885315
3626,0.885315
3656,0.885315
3686,0.885315
3716,0.885315
3746,0.885315
3776,0.885315
3806,0.885315
3836,0.885315
3866,0.885315
3896,0.885315
3926,0.885315
3956,0.885315
3986,0.885315
4045,0.885315
4075,0.885315
4105,0.885315
4135,0.885315
4165,0.885315
4195,0.885315
4225,0.885315
4255,0.885315
4285,0.885315
4315,0.885315
4345,0.885315
4375,0.885315
4405,0.885315
4435,0.885315
4465,0.885315
4495,0.885315
4525,0.885315
4555,0.885315
4585,0.885315
4615,0.885315
4674,0.885315
4704,0.885664
4734,0.888228
4764,0.888228
4794,0.888228
4824,0.888228
4854,0.888228
4884,0.888228
4914,0.888228
4944,0.888228
4974,0.888228
5004,0.888228
5034,0.888228
5064,0.888228
5094,0.888228
5124,0.888228
5154,0.888228
5184,0.888228
5214,0.888228
5244,0.888228
5274,0.888228
5304,0.888228
5334,0.888228
5364,0.888228
5394,0.888228
5424,0.888228
5483,0.888578
5513,0.89627
5543,0.89627
5573,0.89627
5603,0.89627
5633,0.89627
5663,0.89627
5693,0.89627
5723,0.89627
5753,0.89627
5783,0.89627
5813,0.89627
5843,0.89627
5873,0.89627
5903,0.89627
5933,0.89627
5963,0.89627
5993,0.89627
6023,0.89627
6053,0.89627
6083,0.89627
6113,0.89627
6143,0.89627
6202,0.89627
6232,0.89627
6262,0.89627
6292,0.89627
6322,0.89627
6352,0.89627
6382,0.89627
6412,0.89627
6442,0.89627
6472,0.89627
6502,0.89627
6532,0.89627
6562,0.89627
6592,0.89627
6622,0.89627
6652,0.89627
6682,0.89627
6712,0.89627
6742,0.89627
6772,0.89627
6831,0.89627
6861,0.89627
6891,0.89627
6921,0.89627
6951,0.89627
6981,0.89627
7011,0.89627
7041,0.89627
7071,0.89627
7101,0.89627
7131,0.89627
7161,0.89627
7191,0.89627
7221,0.89627
7251,0.89627
7281,0.89627
7311,0.89627
7341,0.89627
7371,0.89627
7401,0.89627
7460,0.89627
7490,0.89627
7520,0.89627
7550,0.89627
7580,0.89627
7610,0.89627
7640,0.89627
7670,0.89627
7700,0.89627
7730,0.89627
7760,0.89627
7790,0.89627
7820,0.89627
7850,0.89627
7880,0.89627
7910,0.89627
7940,0.89627
7970,0.89627
8000,0.89627
8030,0.898485
8060,0.898485
8090,0.898485
8120,0.898485
8150,0.898485
8180,0.898485
8210,0.898485
8240,0.898485
8270,0.898485
8300,0.898485
8330,0.898485
8360,0.898485
8390,0.898485
8420,0.898485
8450,0.898485
8480,0.898485
8510,0.898485
8540,0.898485
8570,0.898485
8600,0.898485
8630,0.898485
8660,0.898485
8690,0.898485
8720,0.898485
8750,0.898485
8809,0.898485
8839,0.898485
8869,0.898485
8899,0.898485
8929,0.898485
8959,0.898485
8989,0.898485
9019,0.898485
9049,0.898485
9079,0.898485
9109,0.898485
9139,0.898485
9169,0.898485
9199,0.898485
9229,0.898485
9259,0.898485
9289,0.898485
9319,0.898485
9349,0.898485
9379,0.898485
9438,0.898485
9468,0.898485
9498,0.898485
9528,0.898485
9558,0.898485
9588,0.898485
9618,0.898485
9648,0.898485
9678,0.898485
9708,0.898485
9738,0.898485
9768,0.918648
9798,0.918648
9828,0.918648
9858,0.918648
9888,0.918648
9918,0.918648
9948,0.918648
9978,0.918648
10008,0.918648
10038,0.918648
10068,0.918648
10098,0.918648
10128,0.918648
10158,0.918648
10188,0.918648
10218,0.918648
10248,0.918648
10278,0.918648
10308,0.918648
10338,0.918648
10368,0.918648
10398,0.918648
10457,0.918648
10487,0.918648
10517,0.918648
10547,0.918648
10577,0.918648
10607,0.918648
10637,0.918648
10667,0.918648
10697,0.918648
10727,0.918648
10757,0.918648
10787,0.918648
10817,0.918648
10847,0.918648
10877,0.918648
10907,0.918648
10937,0.918648
10967,0.918648
10997,0.918648
11027,0.918648
11086,0.918648
11116,0.918648
11146,0.918648
11176,0.918648
11206,0.918648
11236,0.918648
11266,0.918648
11296,0.918648
11326,0.918648
11356,0.918648
11386,0.918648
11416,0.918648
11446,0.918648
11476,0.918648
11506,0.918648
11536,0.918648
11566,0.918648
11596,0.918648
11626,0.918648
11656,0.918648
11715,0.918648
11745,0.921212
11775,0.921212
11805,0.921212
11835,0.921212
11865,0.921212
11895,0.921212
11925,0.921212
11955,0.921212
11985,0.921212
12015,0.921212
12045,0.921212
12075,0.921212
12105,0.921212
12135,0.921212
12165,0.921212
12195,0.921212
12225,0.921212
12255,0.921212
12285,0.921212
12315,0.921212
12345,0.921212
12404,0.921212
12434,0.921212
12464,0.921212
12494,0.921212
12524,0.921212
12554,0.921212
12584,0.921212
12614,0.921212
12644,0.921212
12674,0.921212
12704,0.921212
12734,0.921212
12764,0.921212
12794,0.921212
12824,0.921212
12854,0.921212
12884,0.921212
12914,0.921212
12944,0.921212
12974,0.921212
13004,0.921212
13063,0.921212
13093,0.921212
13123,0.921212
13153,0.921212
13183,0.921212
13213,0.921212
13243,0.921212
13273,0.921212
13303,0.921212
13333,0.921212
13363,0.921212
13393,0.921212
13423,0.921212
13453,0.921212
13483,0.921212
13513,0.921212
13543,0.921212
13573,0.921212
13603,0.921212
13633,0.921212
13692,0.921212
13722,0.921212
13752,0.921212
13782,0.921212
13812,0.921212
13842,0.921212
13872,0.921212
13902,0.921212
13932,0.921212
13962,0.921212
13992,0.921212
14022,0.921212
14052,0.921212
14082,0.921212
14112,0.921212
14142,0.921212
14172,0.921212
14202,0.921212
14232,0.921212
14262,0.921212
14321,0.921212
14351,0.921212
14381,0.921212
14411,0.921212
14441,0.921212
14471,0.921212
14501,0.921212
14531,0.921212
14561,0.921212
14591,0.921212
14621,0.921212
14651,0.921212
14681,0.921212
14711,0.921212
14741,0.921212
14771,0.921212
14801,0.921212
14831,0.921212
14861,0.921212
14891,0.921212
14950,0.921212
14980,0.921212
