30,0.565268
60,0.716667
90,0.754779
120,0.757343
150,0.757343
180,0.757343
210,0.757343
240,0.757343
270,0.77972
300,0.77972
330,0.77972
360,0.77972
390,0.77972
420,0.77972
450,0.77972
480,0.77972
510,0.77972
540,0.792191
570,0.811655
600,0.832168
630,0.832168
660,0.847552
690,0.847552
720,0.847552
750,0.847552
780,0.847552
810,0.847552
840,0.847552
870,0.847552
900,0.847552
930,0.847552
960,0.847552
990,0.847552
1020,0.847552
1050,0.847552
1080,0.847552
1110,0.847552
1140,0.847552
1170,0.847552
1200,0.852331
1230,0.852331
1260,0.852331
1290,0.852331
1320,0.852331
1350,0.852331
1380,0.852331
1410,0.852331
1440,0.852331
1470,0.852331
1500,0.852331
1530,0.852331
1560,0.852331
1590,0.852331
1620,0.852331
1650,0.852331
1680,0.852331
1710,0.852331
1740,0.852331
1770,0.852331
1800,0.852331
1830,0.852331
1889,0.855245
1919,0.873194
1949,0.873194
1979,0.873194
2009,0.873194
2039,0.873194
2069,0.873194
2099,0.873194
2129,0.873194
2159,0.873194
2189,0.873194
2219,0.873194
2249,0.888228
2279,0.890793
2309,0.890793
2339,0.890793
2369,0.890793
2399,0.890793
2429,0.890793
2459,0.890793
2489,0.890793
2519,0.890793
2549,0.890793
2579,0.890793
2609,0.890793
2639,0.890793
2669,0.890793
2699,0.890793
2729,0.890793
2759,0.890793
2789,0.890793
2819,0.890793
2849,0.890793
2879,0.890793
2909,0.890793
2968,0.893357
2998,0.893357
3028,0.893357
3058,0.893357
3088,0.893357
3118,0.893357
3148,0.893357
3178,0.893357
3208,0.893357
3238,0.893357
3268,0.893357
3298,0.893357
3328,0.893357
3358,0.893357
3388,0.893357
3418,0.893357
3448,0.893357
3478,0.893357
3508,0.893357
3538,0.893357
3568,0.893357
3598,0.893357
3657,0.893357
3687,0.893357
3717,0.893357
3747,0.893357
3777,0.893357
3807,0.893357
3837,0.893357
3867,0.893357
3897,0.893357
3927,0.893357
3957,0.893357
3987,0.893357
4017,0.893357
4047,0.895921
4077,0.895921
4107,0.895921
4137,0.895921
4167,0.895921
4197,0.895921
4227,0.895921
4257,0.895921
4287,0.895921
4317,0.895921
4347,0.895921
4377,0.895921
4407,0.895921
4437,0.895921
4467,0.895921
4497,0.895921
4527,0.895921
4557,0.895921
4587,0.895921
4617,0.895921
4647,0.895921
4706,0.895921
4736,0.895921
4766,0.895921
4796,0.895921
4826,0.895921
4856,0.895921
4886,0.895921
4916,0.895921
4946,0.895921
4976,0.895921
5006,0.895921
5036,0.895921
5066,0.895921
5096,0.895921
5126,0.895921
5156,0.895921
5186,0.895921
5216,0.895921
5246,0.895921
5276,0.895921
5306,0.895921
5365,0.895921
5395,0.895921
5425,0.895921
5455,0.895921
5485,0.895921
5515,0.895921
5545,0.895921
5575,0.895921
5605,0.895921
5635,0.895921
5665,0.895921
5695,0.895921
5725,0.895921
5755,0.895921
5785,0.895921
5815,0.895921
5845,0.895921
5875,0.895921
5905,0.895921
5935,0.895921
5994,0.895921
6024,0.895921
6054,0.895921
6084,0.895921
6114,0.895921
6144,0.895921
6174,0.895921
6204,0.895921
6234,0.895921
6264,0.895921
6294,0.895921
6324,0.895921
6354,0.895921
6384,0.895921
6414,0.895921
6444,0.895921
6474,0.895921
6504,0.895921
6534,0.895921
6564,0.895921
6623,0.895921
6653,0.895921
6683,0.895921
6713,0.895921
6743,0.895921
6773,0.895921
6803,0.895921
6833,0.895921
6863,0.895921
6893,0.895921
6923,0.895921
6953,0.895921
6983,0.895921
7013,0.895921
7043,0.895921
7073,0.895921
7103,0.895921
7133,0.895921
7163,0.895921
7193,0.895921
7252,0.895921
7282,0.895921
7312,0.895921
7342,0.895921
7372,0.895921
7402,0.895921
7432,0.895921
7462,0.895921
7492,0.895921
7522,0.895921
7552,0.895921
7582,0.895921
7612,0.895921
7642,0.895921
7672,0.895921
7702,0.895921
7732,0.895921
7762,0.895921
7792,0.895921
7822,0.895921
7881,0.895921
7911,0.895921
7941,0.895921
7971,0.895921
8001,0.895921
8031,0.895921
8061,0.895921
8091,0.895921
8121,0.895921
8151,0.895921
8181,0.895921
8211,0.895921
8241,0.895921
8271,0.895921
8301,0.895921
8331,0.895921
8361,0.895921
8391,0.895921
8421,0.895921
8451,0.895921
8510,0.895921
8540,0.895921
8570,0.895921
8600,0.895921
8630,0.895921
8660,0.895921
8690,0.895921
8720,0.895921
8750,0.895921
8780,0.895921
8810,0.895921
8840,0.895921
8870,0.895921
8900,0.895921
8930,0.895921
8960,0.895921
8990,0.895921
9020,0.895921
9050,0.895921
9080,0.895921
9139,0.895921
9169,0.895921
9199,0.895921
9229,0.895921
9259,0.895921
9289,0.895921
9319,0.895921
9349,0.895921
9379,0.895921
9409,0.900699
9439,0.900699
9469,0.900699
9499,0.900699
9529,0.900699
9559,0.900699
9589,0.900699
9619,0.900699
9649,0.900699
9679,0.900699
9709,0.900699
9739,0.900699
9769,0.900699
9799,0.900699
9829,0.900699
9859,0.900699
9889,0.900699
9919,0.900699
9949,0.900699
9979,0.900699
10009,0.900699
10068,0.900699
10098,0.900699
10128,0.900699
10158,0.900699
10188,0.900699
10218,0.900699
10248,0.908392
10278,0.908392
10308,0.908392
10338,0.908392
10368,0.908392
10398,0.908392
10428,0.908392
10458,0.908392
10488,0.908392
10518,0.908392
10548,0.908392
10578,0.908392
10608,0.908392
10638,0.908392
10668,0.908392
10698,0.908392
10728,0.908392
10758,0.908392
10788,0.908392
10818,0.908392
10848,0.908392
10878,0.908392
10937,0.908392
10967,0.908392
10997,0.908392
11027,0.908392
11057,0.908392
11087,0.908392
11117,0.908392
11147,0.908392
11177,0.908392
11207,0.908392
11237,0.908392
11267,0.908392
11297,0.908392
11327,0.908392
11357,0.908392
11387,0.908392
11417,0.908392
11447,0.908392
11477,0.908392
11507,0.908392
11566,0.908392
11596,0.908392
11626,0.908392
11656,0.908392
11686,0.908392
11716,0.908392
11746,0.908392
11776,0.908392
11806,0.908392
11836,0.908392
11866,0.908392
11896,0.908392
11926,0.908392
11956,0.908392
11986,0.908392
12016,0.908392
12046,0.908392
12076,0.908392
12106,0.908392
12136,0.908392
12195,0.908392
12225,0.908392
12255,0.908392
12285,0.908392
12315,0.908392
12345,0.908392
12375,0.908392
12405,0.908392
12435,0.908392
12465,0.908392
12495,0.908392
12525,0.908392
12555,0.908392
12585,0.908392
12615,0.908392
12645,0.908392
12675,0.908392
12705,0.908392
12735,0.908392
12765,0.908392
12824,0.908392
12854,0.908392
12884,0.908392
12914,0.908392
12944,0.908392
12974,0.908392
13004,0.908392
13034,0.908392
13064,0.908392
13094,0.908392
13124,0.908392
13154,0.908392
13184,0.908392
13214,0.908392
13244,0.908392
13274,0.908392
13304,0.908392
13334,0.908392
13364,0.908392
13394,0.908392
13453,0.908392
13483,0.908392
13513,0.908392
13543,0.908392
13573,0.908392
13603,0.908392
13633,0.908392
13663,0.908392
13693,0.908392
13723,0.908392
13753,0.908392
13783,0.908392
13813,0.908392
13843,0.908392
13873,0.908392
13903,0.908392
13933,0.908392
13963,0.908392
13993,0.908392
14023,0.908392
14082,0.908392
14112,0.908392
14142,0.908392
14172,0.908392
14202,0.908392
14232,0.908392
14262,0.908392
14292,0.908392
14322,0.908392
14352,0.908392
14382,0.908392
14412,0.908392
14442,0.908392
14472,0.908392
14502,0.908392
14532,0.908392
14562,0.908392
14592,0.908392
14622,0.908392
14652,0.908392
14711,0.908392
14741,0.908392
14771,0.908392
14801,0.908392
14831,0.908392
14861,0.908392
14891,0.908392
14921,0.908392
14951,0.908392
14981,0.908392
