30,0.565268
60,0.716667
90,0.754779
120,0.757343
150,0.757343
180,0.757343
210,0.757343
240,0.757343
270,0.757343
300,0.757343
330,0.757343
360,0.800233
390,0.800233
420,0.800233
450,0.800233
480,0.800233
510,0.800233
540,0.800233
570,0.800233
600,0.800233
630,0.800233
660,0.800233
690,0.807576
720,0.807576
750,0.807576
780,0.825175
810,0.825175
840,0.842774
870,0.875758
900,0.875758
930,0.875758
960,0.875758
990,0.875758
1020,0.875758
1050,0.875758
1080,0.875758
1110,0.875758
1140,0.875758
1170,0.875758
1200,0.875758
1230,0.875758
1260,0.875758
1290,0.875758
1320,0.875758
1350,0.875758
1380,0.875758
1410,0.875758
1440,0.898485
1470,0.898485
1500,0.898485
1530,0.898485
1560,0.898485
1590,0.898485
1620,0.898485
1650,0.898485
1680,0.898485
1710,0.898485
1740,0.898485
1770,0.898485
1800,0.898485
1830,0.898485
1860,0.898485
1890,0.898485
1920,0.898485
1950,0.898485
1980,0.898485
2010,0.898485
2040,0.898485
2070,0.898485
2100,0.898485
2130,0.898485
2160,0.898485
2190,0.898485
2220,0.898485
2250,0.898485
2280,0.898485
2310,0.898485
2340,0.898485
2370,0.898485
2400,0.898485
2430,0.898485
2460,0.898485
2490,0.898485
2520,0.898485
2550,0.898485
2580,0.898485
2610,0.898485
2640,0.898485
2670,0.898485
2700,0.898485
2730,0.898485
2760,0.898485
2790,0.898485
2820,0.898485
2850,0.898485
2880,0.898485
2910,0.898485
2940,0.898485
2970,0.898485
3000,0.898485
3030,0.898485
3060,0.898485
3090,0.898485
3120,0.918648
3150,0.918648
3180,0.918648
3210,0.918648
3240,0.918648
3270,0.918648
3300,0.918648
3330,0.92634
3360,0.92634
3390,0.92634
3420,0.92634
3450,0.92634
3480,0.92634
3510,0.92634
3540,0.92634
3570,0.92634
3600,0.92634
3630,0.92634
3660,0.92634
3690,0.92634
3720,0.92634
3750,0.92634
3780,0.92634
3810,0.92634
3840,0.92634
3870,0.92634
3900,0.92634
3930,0.92634
3960,0.92634
3990,0.92634
4020,0.92634
4050,0.92634
4080,0.92634
4110,0.92634
4140,0.92634
4170,0.92634
4200,0.92634
4230,0.92634
4260,0.92634
4290,0.92634
4320,0.92634
4350,0.92634
4380,0.92634
4410,0.92634
4440,0.92634
4470,0.92634
4500,0.92634
4530,0.92634
4560,0.92634
4590,0.92634
4620,0.92634
4650,0.92634
4680,0.92634
4710,0.92634
4740,0.92634
4770,0.92634
4800,0.92634
4830,0.92634
4860,0.92634
4890,0.92634
4920,0.92634
4950,0.92634
4980,0.92634
5010,0.92634
5040,0.92634
5070,0.92634
5100,0.92634
5130,0.92634
5160,0.92634
5190,0.92634
5220,0.92634
5250,0.92634
5280,0.92634
5310,0.92634
5340,0.92634
5370,0.92634
5400,0.92634
5430,0.92634
5460,0.92634
5490,0.92634
5520,0.92634
5550,0.92634
5580,0.92634
5610,0.92634
5640,0.92634
5670,0.92634
5700,0.92634
5730,0.92634
5760,0.92634
5790,0.92634
5820,0.92634
5850,0.92634
5880,0.92634
5910,0.92634
5940,0.92634
5970,0.92634
6000,0.92634
6030,0.92634
6060,0.92634
6090,0.92634
6120,0.92634
6150,0.92634
6180,0.92634
6210,0.92634
6240,0.92634
6270,0.92634
6300,0.92634
6330,0.92634
6360,0.92634
6390,0.92634
6420,0.92634
6450,0.92634
6480,0.92634
6510,0.92634
6540,0.92634
6570,0.92634
6600,0.92634
6630,0.92634
6660,0.92634
6690,0.92634
6720,0.92634
6750,0.92634
6780,0.92634
6810,0.92634
6840,0.92634
6870,0.92634
6900,0.92634
6930,0.92634
6960,0.92634
6990,0.92634
7020,0.92634
7050,0.92634
7080,0.92634
7110,0.92634
7140,0.92634
7170,0.92634
7200,0.92634
7230,0.92634
7260,0.92634
7290,0.92634
7320,0.92634
7350,0.92634
7380,0.92634
7410,0.92634
7440,0.92634
7470,0.92634
7500,0.92634
7530,0.92634
7560,0.92634
7590,0.92634
7620,0.92634
7650,0.92634
7680,0.92634
7710,0.92634
7740,0.92634
7770,0.92634
7800,0.92634
7830,0.92634
7860,0.92634
7890,0.92634
7920,0.92634
7950,0.92634
7980,0.92634
8010,0.92634
8040,0.92634
8070,0.92634
8100,0.92634
8130,0.92634
8160,0.92634
8190,0.92634
8220,0.92634
8250,0.92634
8280,0.92634
8310,0.92634
8340,0.92634
8370,0.92634
8400,0.92634
8430,0.92634
8460,0.92634
8490,0.92634
8520,0.92634
8550,0.92634
8580,0.92634
8610,0.92634
8640,0.92634
8670,0.92634
8700,0.92634
8730,0.92634
8760,0.92634
8790,0.92634
8820,0.92634
8850,0.92634
8880,0.92634
8910,0.92634
8940,0.92634
8970,0.92634
9000,0.92634
9030,0.92634
9060,0.92634
9090,0.92634
9120,0.92634
9150,0.92634
9180,0.92634
9210,0.92634
9240,0.92634
9270,0.92634
9300,0.92634
9330,0.92634
9360,0.92634
9390,0.92634
9420,0.92634
9450,0.92634
9480,0.92634
9510,0.92634
9540,0.92634
9570,0.92634
9600,0.92634
9630,0.92634
9660,0.92634
9690,0.92634
9720,0.92634
9750,0.92634
9780,0.92634
9810,0.92634
9840,0.92634
9870,0.92634
9900,0.92634
9930,0.92634
9960,0.92634
9990,0.92634
10020,0.92634
10050,0.92634
10080,0.92634
10110,0.92634
10140,0.92634
10170,0.92634
10200,0.92634
10230,0.92634
10260,0.92634
10290,0.92634
10320,0.92634
10350,0.92634
10380,0.92634
10410,0.92634
10440,0.92634
10470,0.92634
10500,0.92634
10530,0.92634
10560,0.92634
10590,0.92634
10620,0.92634
10650,0.92634
10680,0.92634
10710,0.92634
10740,0.92634
10770,0.92634
10800,0.92634
10830,0.92634
10860,0.92634
10890,0.92634
10920,0.92634
10950,0.92634
10980,0.92634
11010,0.92634
11040,0.92634
11070,0.92634
11100,0.92634
11130,0.92634
11160,0.92634
11190,0.92634
11220,0.92634
11250,0.92634
11280,0.92634
11310,0.92634
11340,0.92634
11370,0.92634
11400,0.92634
11430,0.92634
11460,0.92634
11490,0.92634
11520,0.92634
11550,0.92634
11580,0.92634
11610,0.92634
11640,0.92634
11670,0.92634
11700,0.92634
11730,0.92634
11760,0.92634
11790,0.92634
11820,0.92634
11850,0.92634
11880,0.92634
11910,0.92634
11940,0.92634
11970,0.92634
12000,0.92634
12030,0.92634
12060,0.92634
12090,0.92634
12120,0.92634
12150,0.92634
12180,0.92634
12210,0.92634
12240,0.92634
12270,0.92634
12300,0.92634
12330,0.92634
12360,0.92634
12390,0.92634
12420,0.92634
12450,0.92634
12480,0.92634
12510,0.92634
12540,0.92634
12570,0.92634
12600,0.92634
12630,0.92634
12660,0.92634
12690,0.92634
12720,0.92634
12750,0.92634
12780,0.92634
12810,0.92634
12840,0.92634
12870,0.92634
12900,0.92634
12930,0.92634
12960,0.92634
12990,0.92634
13020,0.92634
13050,0.92634
13080,0.92634
13110,0.92634
13140,0.92634
13170,0.92634
13200,0.92634
13230,0.92634
13260,0.92634
13290,0.92634
13320,0.92634
13350,0.92634
13380,0.92634
13410,0.92634
13440,0.92634
13470,0.92634
13500,0.92634
13530,0.92634
13560,0.92634
13590,0.92634
13620,0.92634
13650,0.92634
13680,0.92634
13710,0.92634
13740,0.92634
13770,0.92634
13800,0.92634
13830,0.92634
13860,0.92634
13890,0.92634
13920,0.92634
13950,0.92634
13980,0.92634
14010,0.92634
14040,0.92634
14070,0.92634
14100,0.92634
14130,0.92634
14160,0.92634
14190,0.92634
14220,0.92634
14250,0.92634
14280,0.92634
14310,0.92634
14340,0.92634
14370,0.92634
14400,0.92634
14430,0.92634
14460,0.92634
14490,0.92634
14520,0.92634
14550,0.92634
14580,0.92634
14610,0.92634
14640,0.92634
14670,0.92634
14700,0.92634
14730,0.92634
14760,0.92634
14790,0.92634
14820,0.92634
14850,0.92634
14880,0.92634
14910,0.92634
14940,0.92634
14970,0.92634
