30,0.565268
60,0.716667
90,0.754779
120,0.757343
150,0.757343
180,0.757343
210,0.785198
240,0.828089
270,0.828089
300,0.828089
330,0.828089
360,0.828089
390,0.828089
420,0.828089
450,0.85338
480,0.85338
510,0.85338
540,0.85338
570,0.85338
600,0.85338
630,0.85338
660,0.85338
690,0.873543
720,0.873543
750,0.873543
780,0.873543
810,0.873543
840,0.873543
870,0.873543
900,0.873543
930,0.873543
960,0.873543
990,0.873543
1020,0.873543
1050,0.873543
1080,0.873543
1110,0.873543
1140,0.873543
1170,0.873543
1200,0.873543
1230,0.873543
1260,0.873543
1290,0.873543
1320,0.873543
1350,0.873543
1380,0.873543
1410,0.876107
1440,0.89627
1470,0.89627
1500,0.89627
1530,0.89627
1560,0.89627
1590,0.89627
1620,0.89627
1650,0.89627
1680,0.89627
1710,0.89627
1740,0.89627
1770,0.89627
1800,0.89627
1830,0.89627
1860,0.89627
1890,0.89627
1920,0.89627
1950,0.89627
1980,0.898485
2010,0.918648
2040,0.918648
2070,0.918648
2100,0.918648
2130,0.918648
2160,0.918648
2190,0.918648
2220,0.918648
2250,0.918648
2280,0.918648
2310,0.918648
2340,0.918648
2370,0.918648
2400,0.918648
2430,0.918648
2460,0.918648
2490,0.918648
2520,0.918648
2550,0.918648
2580,0.918648
2610,0.918648
2640,0.918648
2670,0.918648
2700,0.918648
2730,0.918648
2760,0.918648
2790,0.918648
2820,0.918648
2850,0.918648
2880,0.918648
2910,0.918648
2940,0.918648
2970,0.918648
3000,0.918648
3030,0.918648
3060,0.918648
3090,0.918648
3120,0.918648
3150,0.918648
3180,0.918648
3210,0.918648
3240,0.918648
3270,0.918648
3300,0.918648
3330,0.918648
3360,0.918648
3390,0.918648
3420,0.918648
3450,0.918648
3480,0.918648
3510,0.918648
3540,0.918648
3570,0.918648
3600,0.918648
3630,0.918648
3660,0.918648
3690,0.918648
3720,0.918648
3750,0.918648
3780,0.918648
3810,0.918648
3840,0.918648
3870,0.918648
3900,0.918648
3930,0.918648
3960,0.918648
3990,0.918648
4020,0.918648
4050,0.918648
4080,0.918648
4110,0.918648
4140,0.918648
4170,0.918648
4200,0.918648
4230,0.918648
4260,0.918648
4290,0.918648
4320,0.918648
4350,0.918648
4380,0.918648
4410,0.918648
4440,0.918648
4470,0.918648
4500,0.918648
4530,0.918648
4560,0.918648
4590,0.918648
4620,0.918648
4650,0.918648
4680,0.918648
4710,0.918648
4740,0.918648
4770,0.918648
4800,0.918648
4830,0.918648
4860,0.918648
4890,0.918648
4920,0.918648
4950,0.918648
4980,0.918648
5010,0.918648
5040,0.918648
5070,0.918648
5100,0.918648
5130,0.918648
5160,0.918648
5190,0.918648
5220,0.918648
5250,0.918648
5280,0.918648
5310,0.918648
5340,0.918648
5370,0.918648
5400,0.918648
5430,0.918648
5460,0.918648
5490,0.918648
5520,0.918648
5550,0.918648
5580,0.918648
5610,0.918648
5640,0.918648
5670,0.918648
5700,0.918648
5730,0.918648
5760,0.918648
5790,0.918648
5820,0.918648
5850,0.918648
5880,0.918648
5910,0.918648
5940,0.918648
5970,0.918648
6000,0.918648
6030,0.918648
6060,0.918648
6090,0.918648
6120,0.918648
6150,0.918648
6180,0.918648
6210,0.918648
6240,0.918648
6270,0.918648
6300,0.918648
6330,0.918648
6360,0.918648
6390,0.918648
6420,0.918648
6450,0.918648
6480,0.918648
6510,0.918648
6540,0.918648
6570,0.918648
6600,0.918648
6630,0.918648
6660,0.918648
6690,0.918648
6720,0.918648
6750,0.918648
6780,0.918648
6810,0.918648
6840,0.918648
6870,0.918648
6900,0.918648
6930,0.918648
6960,0.918648
6990,0.918648
7020,0.918648
7050,0.918648
7080,0.918648
7110,0.918648
7140,0.918648
7170,0.918648
7200,0.918648
7230,0.918648
7260,0.918648
7290,0.918648
7320,0.918648
7350,0.918648
7380,0.918648
7410,0.918648
7440,0.918648
7470,0.918648
7500,0.918648
7530,0.918648
7560,0.918648
7590,0.918648
7620,0.918648
7650,0.918648
7680,0.918648
7710,0.918648
7740,0.918648
7770,0.918648
7800,0.918648
7830,0.918648
7860,0.918648
7890,0.918648
7920,0.918648
7950,0.918648
7980,0.918648
8010,0.918648
8040,0.918648
8070,0.918648
8100,0.918648
8130,0.918648
8160,0.918648
8190,0.918648
8220,0.918648
8250,0.918648
8280,0.918648
8310,0.918648
8340,0.918648
8370,0.918648
8400,0.918648
8430,0.918648
8460,0.918648
8490,0.918648
8520,0.918648
8550,0.918648
8580,0.918648
8610,0.918648
8640,0.918648
8670,0.918648
8700,0.918648
8730,0.918648
8760,0.918648
8790,0.918648
8820,0.918648
8850,0.918648
8880,0.918648
8910,0.918648
8940,0.918648
8970,0.918648
9000,0.918648
9030,0.918648
9060,0.918648
9090,0.918648
9120,0.918648
9150,0.918648
9180,0.918648
9210,0.918648
9240,0.918648
9270,0.918648
9300,0.918648
9330,0.918648
9360,0.918648
9390,0.918648
9420,0.918648
9450,0.918648
9480,0.918648
9510,0.918648
9540,0.918648
9570,0.918648
9600,0.918648
9630,0.918648
9660,0.918648
9690,0.918648
9720,0.918648
9750,0.918648
9780,0.918648
9810,0.918648
9840,0.918648
9870,0.918648
9900,0.918648
9930,0.918648
9960,0.918648
9990,0.918648
10020,0.918648
10050,0.918648
10080,0.918648
10110,0.918648
10140,0.918648
10170,0.918648
10200,0.918648
10230,0.918648
10260,0.918648
10290,0.918648
10320,0.918648
10350,0.918648
10380,0.918648
10410,0.918648
10440,0.918648
10470,0.918648
10500,0.918648
10530,0.918648
10560,0.918648
10590,0.918648
10620,0.918648
10650,0.918648
10680,0.918648
10710,0.918648
10740,0.918648
10770,0.918648
10800,0.918648
10830,0.918648
10860,0.918648
10890,0.918648
10920,0.918648
10950,0.918648
10980,0.918648
11010,0.918648
11040,0.918648
11070,0.918648
11100,0.918648
11130,0.918648
11160,0.918648
11190,0.918648
11220,0.918648
11250,0.918648
11280,0.918648
11310,0.918648
11340,0.918648
11370,0.918648
11400,0.918648
11430,0.918648
11460,0.918648
11490,0.918648
11520,0.918648
11550,0.918648
11580,0.918648
11610,0.918648
11640,0.918648
11670,0.918648
11700,0.918648
11730,0.918648
11760,0.918648
11790,0.918648
11820,0.918648
11850,0.918648
11880,0.918648
11910,0.918648
11940,0.918648
11970,0.918648
12000,0.918648
12030,0.918648
12060,0.918648
12090,0.918648
12120,0.918648
12150,0.918648
12180,0.918648
12210,0.918648
12240,0.918648
12270,0.918648
12300,0.918648
12330,0.918648
12360,0.918648
12390,0.918648
12420,0.918648
12450,0.918648
12480,0.918648
12510,0.918648
12540,0.918648
12570,0.918648
12600,0.918648
12630,0.918648
12660,0.918648
12690,0.918648
12720,0.918648
12750,0.918648
12780,0.918648
12810,0.918648
12840,0.918648
12870,0.918648
12900,0.918648
12930,0.918648
12960,0.918648
12990,0.918648
13020,0.918648
13050,0.918648
13080,0.918648
13110,0.918648
13140,0.918648
13170,0.918648
13200,0.918648
13230,0.918648
13260,0.918648
13290,0.918648
13320,0.918648
13350,0.918648
13380,0.918648
13410,0.918648
13440,0.918648
13470,0.918648
13500,0.918648
13530,0.918648
13560,0.918648
13590,0.918648
13620,0.918648
13650,0.918648
13680,0.918648
13710,0.918648
13740,0.918648
13770,0.918648
13800,0.918648
13830,0.918648
13860,0.918648
13890,0.918648
13920,0.918648
13950,0.918648
13980,0.918648
14010,0.918648
14040,0.918648
14070,0.918648
14100,0.918648
14130,0.918648
14160,0.918648
14190,0.918648
14220,0.918648
14250,0.918648
14280,0.918648
14310,0.918648
14340,0.918648
14370,0.918648
14400,0.918648
14430,0.918648
14460,0.918648
14490,0.918648
14520,0.918648
14550,0.918648
14580,0.918648
14610,0.918648
14640,0.918648
14670,0.918648
14700,0.918648
14730,0.918648
14760,0.918648
14790,0.918648
14820,0.918648
14850,0.918648
14880,0.918648
14910,0.918648
14940,0.918648
14970,0.918648
