30,0.565268
60,0.716667
90,0.754779
120,0.757343
150,0.757343
180,0.757343
210,0.757343
240,0.757343
270,0.757343
300,0.757343
330,0.757343
360,0.757343
390,0.757343
420,0.757343
450,0.757343
480,0.757343
510,0.757343
540,0.757343
570,0.757343
600,0.757343
630,0.757343
660,0.782284
690,0.809441
720,0.832168
750,0.832168
780,0.832168
810,0.860373
840,0.860373
870,0.860373
900,0.860373
1062,0.877972
1092,0.877972
1122,0.877972
1152,0.877972
1182,0.877972
1212,0.877972
1242,0.877972
1272,0.877972
1302,0.877972
1332,0.877972
1362,0.877972
1392,0.877972
1422,0.877972
1452,0.877972
1482,0.877972
1512,0.877972
1542,0.877972
1572,0.877972
1602,0.877972
1632,0.877972
1662,0.877972
1692,0.877972
1722,0.877972
1752,0.877972
1782,0.877972
1812,0.877972
1842,0.877972
1872,0.877972
1902,0.877972
1932,0.877972
2094,0.877972
2124,0.877972
2154,0.877972
2184,0.877972
2214,0.880536
2244,0.880536
2274,0.882751
2304,0.882751
2334,0.882751
2364,0.882751
2394,0.882751
2424,0.882751
2454,0.882751
2484,0.882751
2514,0.882751
2544,0.882751
2574,0.8831
2604,0.8831
2634,0.8831
2664,0.8831
2694,0.8831
2724,0.8831
2754,0.8831
2784,0.8831
2814,0.8831
2844,0.8831
2874,0.8831
2904,0.8831
2934,0.8831
2964,0.8831
3126,0.8831
3156,0.8831
3186,0.8831
3216,0.8831
3246,0.8831
3276,0.8831
3306,0.8831
3336,0.8831
3366,0.8831
3396,0.8831
3426,0.8831
3456,0.8831
3486,0.8831
3516,0.8831
3546,0.8831
3576,0.8831
3606,0.8831
3636,0.8831
3666,0.8831
3696,0.8831
3726,0.8831
3756,0.8831
3786,0.8831
3816,0.8831
3846,0.8831
3876,0.8831
3906,0.8831
3936,0.8831
3966,0.8831
3996,0.8831
4158,0.8831
4188,0.8831
4218,0.8831
4248,0.8831
4278,0.8831
4308,0.8831
4338,0.8831
4368,0.8831
4398,0.885664
4428,0.885664
4458,0.885664
4488,0.885664
4518,0.885664
4548,0.885664
4578,0.885664
4608,0.885664
4638,0.885664
4668,0.885664
4698,0.885664
4728,0.885664
4758,0.885664
4788,0.885664
4818,0.885664
4848,0.885664
4878,0.885664
4908,0.885664
4938,0.885664
4968,0.885664
4998,0.885664
5028,0.885664
5190,0.885664
5220,0.885664
5250,0.885664
5280,0.885664
5310,0.885664
5340,0.885664
5370,0.885664
5400,0.885664
5430,0.885664
5460,0.885664
5490,0.885664
5520,0.885664
5550,0.885664
5580,0.885664
5610,0.885664
5640,0.885664
5670,0.885664
5700,0.885664
5730,0.885664
5760,0.885664
5790,0.885664
5820,0.885664
5850,0.885664
5880,0.885664
5910,0.885664
5940,0.885664
5970,0.885664
6000,0.885664
6030,0.885664
6060,0.885664
6222,0.885664
6252,0.885664
6282,0.885664
6312,0.885664
6342,0.885664
6372,0.885664
6402,0.885664
6432,0.885664
6462,0.885664
6492,0.885664
6522,0.885664
6552,0.885664
6582,0.885664
6612,0.885664
6642,0.885664
6672,0.885664
6702,0.885664
6732,0.885664
6762,0.885664
6792,0.885664
6822,0.885664
6852,0.885664
6882,0.885664
6912,0.885664
6942,0.885664
6972,0.885664
7002,0.885664
7032,0.885664
7062,0.885664
7092,0.885664
7254,0.885664
7284,0.885664
7314,0.885664
7344,0.885664
7374,0.885664
7404,0.885664
7434,0.885664
7464,0.885664
7494,0.885664
7524,0.885664
7554,0.885664
7584,0.885664
7614,0.885664
7644,0.885664
7674,0.885664
7704,0.885664
7734,0.885664
7764,0.885664
7794,0.885664
7824,0.885664
7854,0.885664
7884,0.885664
7914,0.885664
7944,0.885664
7974,0.885664
8004,0.885664
8034,0.885664
8064,0.885664
8094,0.885664
8124,0.885664
8286,0.885664
8316,0.885664
8346,0.885664
8376,0.885664
8406,0.885664
8436,0.885664
8466,0.885664
8496,0.885664
8526,0.885664
8556,0.885664
8586,0.885664
8616,0.885664
8646,0.885664
8676,0.885664
8706,0.885664
8736,0.885664
8766,0.885664
8796,0.885664
8826,0.885664
8856,0.885664
8886,0.885664
8916,0.885664
8946,0.885664
8976,0.885664
9006,0.885664
9036,0.885664
9066,0.885664
9096,0.885664
9126,0.885664
9156,0.885664
9318,0.885664
9348,0.885664
9378,0.885664
9408,0.885664
9438,0.885664
9468,0.885664
9498,0.885664
9528,0.885664
9558,0.885664
9588,0.885664
9618,0.885664
9648,0.885664
9678,0.885664
9708,0.885664
9738,0.885664
9768,0.885664
9798,0.885664
9828,0.885664
9858,0.885664
9888,0.885664
9918,0.885664
9948,0.885664
9978,0.885664
10008,0.885664
10038,0.885664
10068,0.885664
10098,0.885664
10128,0.885664
10158,0.885664
10188,0.885664
10350,0.885664
10380,0.885664
10410,0.885664
10440,0.885664
10470,0.893007
10500,0.893007
10530,0.893007
10560,0.893007
10590,0.893007
10620,0.893007
10650,0.893007
10680,0.893007
10710,0.893007
10740,0.893007
10770,0.893007
10800,0.893007
10830,0.893007
10860,0.893007
10890,0.893007
10920,0.893007
10950,0.893007
10980,0.893007
11010,0.893007
11040,0.893007
11070,0.893007
11100,0.893007
11130,0.893007
11160,0.893007
11190,0.893007
11220,0.893007
11382,0.893007
11412,0.893007
11442,0.893007
11472,0.893007
11502,0.893007
11532,0.893007
11562,0.893007
11592,0.893007
11622,0.893007
11652,0.893007
11682,0.893007
11712,0.893007
11742,0.893007
11772,0.893007
11802,0.893007
11832,0.893007
11862,0.893007
11892,0.893007
11922,0.893007
11952,0.893007
11982,0.893007
12012,0.893007
12042,0.893007
12072,0.893007
12102,0.893007
12132,0.893007
12162,0.893007
12192,0.893007
12222,0.893007
12252,0.893007
12414,0.893007
12444,0.893007
12474,0.893007
12504,0.893007
12534,0.893007
12564,0.893007
12594,0.893007
12624,0.893007
12654,0.893007
12684,0.893007
12714,0.893007
12744,0.893007
12774,0.893007
12804,0.893007
12834,0.893007
12864,0.893007
12894,0.893007
12924,0.893007
12954,0.893007
12984,0.893007
13014,0.893007
13044,0.893007
13074,0.893007
13104,0.893007
13134,0.893007
13164,0.893007
13194,0.893007
13224,0.893007
13254,0.893007
13284,0.893007
13446,0.893007
13476,0.893007
13506,0.893007
13536,0.893007
13566,0.893007
13596,0.893007
13626,0.893007
13656,0.893007
13686,0.893007
13716,0.893007
13746,0.893007
13776,0.893007
13806,0.893007
13836,0.893007
13866,0.893007
13896,0.893007
13926,0.893007
13956,0.893007
13986,0.893007
14016,0.893007
14046,0.893007
14076,0.893007
14106,0.893007
14136,0.893007
14166,0.893007
14196,0.893007
14226,0.893007
14256,0.893007
14286,0.893007
14316,0.893007
14478,0.893007
14508,0.893007
14538,0.893007
14568,0.893007
14598,0.893007
14628,0.893007
14658,0.893007
14688,0.893007
14718,0.893007
14748,0.893007
14778,0.893007
14808,0.893007
14838,0.893007
14868,0.893007
14898,0.893007
14928,0.893007
14958,0.893007
14988,0.893007
