30,0.539235
60,0.779305
90,0.779305
120,0.779305
150,0.779305
180,0.779305
210,0.7795
240,0.796399
270,0.804995
300,0.804995
330,0.804995
360,0.804995
390,0.804995
420,0.804995
450,0.804995
480,0.804995
510,0.804995
540,0.804995
570,0.804995
600,0.804995
630,0.804995
660,0.804995
690,0.804995
720,0.804995
750,0.804995
780,0.804995
810,0.804995
840,0.804995
870,0.804995
900,0.804995
930,0.804995
960,0.804995
990,0.804995
1020,0.804995
1050,0.804995
1080,0.81206
1110,0.81206
1140,0.81206
1170,0.81206
1200,0.820559
1230,0.820559
1260,0.820559
1290,0.820559
1320,0.820559
1350,0.820559
1380,0.820559
1410,0.820559
1440,0.820559
1470,0.820559
1500,0.820559
1530,0.820559
1560,0.820559
1590,0.820559
1620,0.820559
1650,0.820559
1680,0.820559
1710,0.820559
1740,0.820559
1770,0.820559
1800,0.820559
1830,0.820559
1860,0.820559
1890,0.820559
1920,0.820559
1950,0.820559
1980,0.820559
2010,0.820559
2040,0.820559
2070,0.820559
2100,0.820559
2130,0.820559
2160,0.820559
2190,0.820559
2220,0.820559
2250,0.820559
2280,0.820559
2310,0.820559
2340,0.820559
2370,0.820559
2400,0.820559
2430,0.820559
2460,0.820559
2490,0.820559
2520,0.820559
2550,0.820559
2580,0.820559
2610,0.820559
2640,0.820559
2670,0.820559
2700,0.820559
2730,0.820559
2760,0.820559
2790,0.820559
2820,0.820559
2850,0.820559
2880,0.820559
2910,0.820559
2940,0.820559
2970,0.820559
3000,0.820559
3030,0.820559
3060,0.820559
3090,0.820559
3120,0.820559
3150,0.820559
3180,0.820559
3210,0.820559
3240,0.820559
3270,0.820559
3300,0.820559
3330,0.820559
3360,0.820559
3390,0.820559
3420,0.820559
3450,0.820559
3480,0.820559
3510,0.820559
3540,0.820559
3570,0.820559
3600,0.820559
3630,0.820559
3660,0.820559
3690,0.820559
3720,0.820559
3750,0.820559
3780,0.820559
3810,0.820559
3840,0.820559
3870,0.829057
3900,0.829057
3930,0.829057
3960,0.829057
3990,0.829057
4020,0.829057
4050,0.829057
4080,0.829057
4110,0.829057
4140,0.829057
4170,0.829057
4200,0.829057
4230,0.829057
4260,0.829057
4290,0.829057
4320,0.829057
4350,0.829057
4380,0.829057
4410,0.829057
4440,0.829057
4470,0.829057
4500,0.829057
4530,0.829057
4560,0.829057
4590,0.829057
4620,0.829057
4650,0.829057
4680,0.829057
4710,0.829057
4740,0.829057
4770,0.829057
4800,0.829057
4830,0.829057
4860,0.829057
4890,0.829057
4920,0.829057
4950,0.829057
4980,0.829057
5010,0.829057
5040,0.829057
5070,0.829057
5100,0.829057
5130,0.829057
5160,0.833355
5190,0.833355
5220,0.833355
5250,0.833355
5280,0.833355
5310,0.833355
5340,0.833355
5370,0.833355
5400,0.833355
5430,0.833355
5460,0.833355
5490,0.833355
5520,0.833355
5550,0.833355
5580,0.833355
5610,0.833355
5640,0.833355
5670,0.833355
5700,0.833355
5730,0.833355
5760,0.833355
5790,0.833355
5820,0.833355
5850,0.833355
5880,0.833355
5910,0.833355
5940,0.833355
5970,0.833355
6000,0.833355
6030,0.833355
6060,0.833355
6090,0.833355
6120,0.833355
6150,0.833355
6180,0.833355
6210,0.833355
6240,0.833355
6270,0.833355
6300,0.833355
6330,0.833355
6360,0.833355
6390,0.833355
6420,0.833355
6450,0.833355
6480,0.833355
6510,0.833355
6540,0.833355
6570,0.833355
6600,0.833355
6630,0.833355
6660,0.833355
6690,0.833355
6720,0.833355
6750,0.833355
6780,0.833355
6810,0.833355
6840,0.833355
6870,0.833355
6900,0.833355
6930,0.833355
6960,0.833355
6990,0.833355
7020,0.833355
7050,0.833355
7080,0.833355
7110,0.833355
7140,0.833355
7170,0.833355
7200,0.833355
7230,0.833355
7260,0.833355
7290,0.833355
7320,0.833355
7350,0.833355
7380,0.833355
7410,0.833355
7440,0.833355
7470,0.833355
7500,0.833355
7530,0.833355
7560,0.833355
7590,0.833355
7620,0.833355
7650,0.833355
7680,0.833355
7710,0.833355
7740,0.833355
7770,0.833355
7800,0.833355
7830,0.833355
7860,0.833355
7890,0.833355
7920,0.833355
7950,0.833355
7980,0.833355
8010,0.833355
8040,0.833355
8070,0.833355
8100,0.833355
8130,0.833355
8160,0.833355
8190,0.833355
8220,0.833355
8250,0.833355
8280,0.833355
8310,0.833355
8340,0.833355
8370,0.833355
8400,0.833355
8430,0.833355
8460,0.833355
8490,0.833355
8520,0.833355
8550,0.833355
8580,0.833355
8610,0.833355
8640,0.833355
8670,0.833355
8700,0.833355
8730,0.833355
8760,0.833355
8790,0.833355
8820,0.833355
8850,0.833355
8880,0.833355
8910,0.833355
8940,0.833355
8970,0.833355
9000,0.833355
9030,0.833355
9060,0.833355
9090,0.833355
9120,0.833355
9150,0.833355
9180,0.833355
9210,0.833355
9240,0.833355
9270,0.833355
9300,0.833355
9330,0.833355
9360,0.833355
9390,0.833355
9420,0.833355
9450,0.833355
9480,0.833355
9510,0.833355
9540,0.833355
9570,0.833355
9600,0.833355
9630,0.833355
9660,0.833355
9690,0.833355
9720,0.833355
9750,0.833355
9780,0.833355
9810,0.833355
9840,0.833355
9870,0.833355
9900,0.833355
9930,0.833355
9960,0.833355
9990,0.833355
10020,0.833355
10050,0.833355
10080,0.833355
10110,0.833355
10140,0.833355
10170,0.833355
10200,0.833355
10230,0.833355
10260,0.833355
10290,0.833355
10320,0.833355
10350,0.833355
10380,0.833355
10410,0.833355
10440,0.833355
10470,0.833355
10500,0.833355
10530,0.861813
10560,0.861813
10590,0.861813
10620,0.861813
10650,0.861813
10680,0.861813
10710,0.861813
10740,0.861813
10770,0.861813
10800,0.861813
10830,0.861813
10860,0.861813
10890,0.861813
10920,0.861813
10950,0.861813
10980,0.861813
11010,0.861813
11040,0.861813
11070,0.861813
11100,0.861813
11130,0.861813
11160,0.861813
11190,0.861813
11220,0.861813
11250,0.861813
11280,0.861813
11310,0.861813
11340,0.861813
11370,0.861813
11400,0.861813
11430,0.861813
11460,0.861813
11490,0.861813
11520,0.861813
11550,0.861813
11580,0.861813
11610,0.861813
11640,0.861813
11670,0.861813
11700,0.861813
11730,0.861813
11760,0.861813
11790,0.861813
11820,0.861813
11850,0.861813
11880,0.861813
11910,0.861813
11940,0.861813
11970,0.861813
12000,0.861813
12030,0.861813
12060,0.861813
12090,0.861813
12120,0.861813
12150,0.861813
12180,0.861813
12210,0.861813
12240,0.861813
12270,0.861813
12300,0.861813
12330,0.861813
12360,0.861813
12390,0.861813
12420,0.861813
12450,0.861813
12480,0.861813
12510,0.861813
12540,0.861813
12570,0.861813
12600,0.861813
12630,0.861813
12660,0.861813
12690,0.861813
12720,0.861813
12750,0.861813
12780,0.861813
12810,0.861813
12840,0.861813
12870,0.861813
12900,0.861813
12930,0.861813
12960,0.861813
12990,0.861813
13020,0.861813
13050,0.861813
13080,0.861813
13110,0.861813
13140,0.861813
13170,0.861813
13200,0.861813
13230,0.861813
13260,0.861813
13290,0.861813
13320,0.861813
13350,0.861813
13380,0.861813
13410,0.861813
13440,0.861813
13470,0.861813
13500,0.861813
13530,0.861813
13560,0.861813
13590,0.861813
13620,0.861813
13650,0.861813
13680,0.861813
13710,0.861813
13740,0.861813
13770,0.861813
13800,0.861813
13830,0.861813
13860,0.861813
13890,0.861813
13920,0.861813
13950,0.861813
13980,0.861813
14010,0.861813
14040,0.861813
14070,0.861813
14100,0.861813
14130,0.861813
14160,0.861813
14190,0.861813
14220,0.861813
14250,0.861813
14280,0.861813
14310,0.861813
14340,0.861813
14370,0.861813
14400,0.861813
14430,0.861813
14460,0.861813
14490,0.861813
14520,0.861813
14550,0.861813
14580,0.861813
14610,0.861813
14640,0.861813
14670,0.861813
14700,0.861813
14730,0.861813
14760,0.861813
14790,0.861813
14820,0.861813
14850,0.861813
14880,0.861813
14910,0.861813
14940,0.861813
14970,0.861813
