10,0.469118
20,0.483824
30,0.509244
40,0.511029
50,0.532878
60,0.540441
70,0.542227
80,0.542227
90,0.548004
100,0.553361
178,0.584559
188,0.584559
198,0.584559
208,0.586345
218,0.593908
228,0.595693
238,0.606828
248,0.610399
258,0.610399
268,0.613971
346,0.630462
356,0.630462
366,0.645168
376,0.64916
386,0.64916
396,0.64916
406,0.652731
416,0.652731
426,0.652731
436,0.652731
514,0.663866
524,0.663866
534,0.663866
544,0.663866
554,0.663866
564,0.663866
574,0.680357
584,0.680357
594,0.680357
604,0.680357
682,0.685714
692,0.685714
702,0.685714
712,0.696849
722,0.696849
732,0.696849
742,0.70042
752,0.70042
762,0.70042
772,0.703992
850,0.740546
860,0.740546
870,0.740546
880,0.740546
890,0.740546
900,0.740546
910,0.740546
920,0.740546
930,0.740546
940,0.740546
1018,0.740546
1028,0.740546
1038,0.740546
1048,0.740546
1058,0.748109
1068,0.748109
1078,0.748109
1088,0.748109
1098,0.748109
1108,0.748109
1186,0.757038
1196,0.757038
1206,0.757038
1216,0.757038
1226,0.757038
1236,0.757038
1246,0.757038
1256,0.768172
1266,0.769958
1276,0.769958
1354,0.769958
1364,0.769958
1374,0.769958
1384,0.784664
1394,0.784664
1404,0.784664
1414,0.784664
1424,0.795798
1434,0.795798
1444,0.795798
1522,0.795798
1532,0.795798
1542,0.795798
1552,0.795798
1562,0.797584
1572,0.797584
1582,0.801155
1592,0.801155
1602,0.801155
1612,0.801155
1690,0.826996
1700,0.826996
1710,0.826996
1720,0.826996
1730,0.826996
1740,0.834139
1750,0.834139
1760,0.839496
1770,0.839496
1780,0.839496
1858,0.839496
1868,0.839496
1878,0.839496
1888,0.839496
1898,0.839496
1908,0.839496
1918,0.839496
1928,0.839496
1938,0.839496
1948,0.839496
2026,0.839496
2036,0.839496
2046,0.839496
2056,0.839496
2066,0.839496
2076,0.839496
2086,0.839496
2096,0.839496
2106,0.839496
2116,0.839496
2194,0.839496
2204,0.839496
2214,0.839496
2224,0.839496
2234,0.839496
2244,0.848845
2254,0.848845
2264,0.85063
2274,0.85063
2284,0.85063
2362,0.85063
2372,0.85063
2382,0.85063
2392,0.85063
2402,0.85063
2412,0.85063
2422,0.85063
2432,0.85063
2442,0.85063
2452,0.85063
2530,0.854202
2540,0.854202
2550,0.854202
2560,0.854202
2570,0.854202
2580,0.854202
2590,0.855987
2600,0.855987
2610,0.855987
2620,0.855987
2698,0.855987
2708,0.855987
2718,0.855987
2728,0.855987
2738,0.855987
2748,0.855987
2758,0.855987
2768,0.855987
2778,0.855987
2788,0.855987
2866,0.855987
2876,0.855987
2886,0.855987
2896,0.855987
2906,0.855987
2916,0.855987
2926,0.855987
2936,0.855987
2946,0.855987
2956,0.859559
3034,0.859559
3044,0.859559
3054,0.859559
3064,0.86355
3074,0.86355
3084,0.86355
3094,0.86355
3104,0.86355
3114,0.86355
3124,0.86355
3202,0.86355
3212,0.86355
3222,0.86355
3232,0.86355
3242,0.86355
3252,0.86355
3262,0.865336
3272,0.865336
3282,0.878256
3292,0.878256
3370,0.878256
3380,0.878256
3390,0.878256
3400,0.878256
3410,0.881828
3420,0.881828
3430,0.881828
3440,0.881828
3450,0.881828
3460,0.881828
3538,0.881828
3548,0.881828
3558,0.881828
3568,0.881828
3578,0.881828
3588,0.881828
3598,0.881828
3608,0.881828
3618,0.881828
3628,0.881828
3706,0.881828
3716,0.881828
3726,0.881828
3736,0.881828
3746,0.881828
3756,0.881828
3766,0.881828
3776,0.881828
3786,0.881828
3796,0.881828
3874,0.881828
3884,0.881828
3894,0.881828
3904,0.881828
3914,0.881828
3924,0.881828
3934,0.881828
3944,0.881828
3954,0.881828
3964,0.881828
4042,0.883613
4052,0.883613
4062,0.883613
4072,0.883613
4082,0.883613
4092,0.883613
4102,0.883613
4112,0.883613
4122,0.883613
4132,0.883613
4210,0.898319
4220,0.898319
4230,0.898319
4240,0.898319
4250,0.898319
4260,0.898319
4270,0.898319
4280,0.898319
4290,0.898319
4300,0.898319
4378,0.898319
4388,0.898319
4398,0.898319
4408,0.898319
4418,0.898319
4428,0.898319
4438,0.898319
4448,0.898319
4458,0.898319
4468,0.898319
4546,0.898319
4556,0.898319
4566,0.898319
4576,0.900105
4586,0.900105
4596,0.900105
4606,0.900105
4616,0.900105
4626,0.900105
4636,0.900105
4714,0.900105
4724,0.900105
4734,0.900105
4744,0.900105
4754,0.900105
4764,0.900105
4774,0.900105
4784,0.900105
4794,0.900105
4804,0.900105
4882,0.900105
4892,0.900105
4902,0.900105
4912,0.900105
4922,0.900105
4932,0.900105
4942,0.900105
4952,0.900105
4962,0.900105
4972,0.900105
5050,0.900105
5060,0.900105
5070,0.900105
5080,0.900105
5090,0.900105
5100,0.900105
5110,0.900105
5120,0.900105
5130,0.900105
5140,0.900105
5218,0.900105
5228,0.900105
5238,0.900105
5248,0.900105
5258,0.900105
5268,0.900105
5278,0.900105
5288,0.900105
5298,0.900105
5308,0.907248
5386,0.907248
5396,0.907248
5406,0.907248
5416,0.907248
5426,0.907248
5436,0.907248
5446,0.907248
5456,0.907248
5466,0.907248
5476,0.907248
5554,0.907248
5564,0.907248
5574,0.907248
5584,0.907248
5594,0.907248
5604,0.907248
5614,0.907248
5624,0.907248
5634,0.907248
5644,0.907248
5722,0.907248
5732,0.907248
5742,0.907248
5752,0.907248
5762,0.907248
5772,0.907248
5782,0.907248
5792,0.907248
5802,0.907248
5812,0.913025
5890,0.913025
5900,0.913025
5910,0.913025
5920,0.913025
5930,0.913025
5940,0.913025
5950,0.913025
5960,0.913025
5970,0.913025
5980,0.913025
6058,0.916597
6068,0.916597
6078,0.916597
6088,0.916597
6098,0.916597
6108,0.916597
6118,0.916597
6128,0.916597
6138,0.916597
6148,0.916597
6226,0.916597
6236,0.916597
6246,0.916597
6256,0.916597
6266,0.916597
6276,0.916597
6286,0.916597
6296,0.916597
6306,0.916597
6316,0.916597
6394,0.916597
6404,0.916597
6414,0.916597
6424,0.916597
6434,0.916597
6444,0.916597
6454,0.916597
6464,0.916597
6474,0.916597
6484,0.916597
6562,0.916597
6572,0.916597
6582,0.916597
6592,0.916597
6602,0.916597
6612,0.916597
6622,0.916597
6632,0.916597
6642,0.916597
6652,0.916597
6730,0.916597
6740,0.916597
6750,0.916597
6760,0.916597
6770,0.916597
6780,0.916597
6790,0.916597
6800,0.916597
6810,0.916597
6820,0.916597
6898,0.916597
6908,0.916597
6918,0.916597
6928,0.916597
6938,0.916597
6948,0.916597
6958,0.916597
6968,0.916597
6978,0.916597
6988,0.916597
7066,0.916597
7076,0.916597
7086,0.916597
7096,0.916597
7106,0.916597
7116,0.916597
7126,0.916597
7136,0.916597
7146,0.916597
7156,0.916597
7234,0.916597
7244,0.916597
7254,0.916597
7264,0.916597
7274,0.916597
7284,0.916597
7294,0.916597
7304,0.916597
7314,0.916597
7324,0.916597
7402,0.916597
7412,0.916597
7422,0.916597
7432,0.916597
7442,0.916597
7452,0.916597
7462,0.916597
7472,0.916597
7482,0.916597
7492,0.916597
7570,0.916597
7580,0.916597
7590,0.916597
7600,0.916597
7610,0.916597
7620,0.916597
7630,0.916597
7640,0.916597
7650,0.916597
7660,0.916597
7738,0.916597
7748,0.916597
7758,0.916597
7768,0.916597
7778,0.916597
7788,0.916597
7798,0.916597
7808,0.916597
7818,0.916597
7828,0.916597
7906,0.916597
7916,0.916597
7926,0.916597
7936,0.916597
7946,0.916597
7956,0.916597
7966,0.916597
7976,0.916597
7986,0.916597
7996,0.916597
8074,0.916597
8084,0.916597
8094,0.916597
8104,0.916597
8114,0.916597
8124,0.916597
8134,0.916597
8144,0.916597
8154,0.916597
8164,0.916597
8242,0.916597
8252,0.916597
8262,0.916597
8272,0.916597
8282,0.916597
8292,0.916597
8302,0.916597
8312,0.916597
8322,0.916597
8332,0.916597
8410,0.916597
8420,0.916597
8430,0.916597
8440,0.916597
8450,0.916597
8460,0.916597
8470,0.916597
8480,0.916597
8490,0.916597
8500,0.916597
8578,0.916597
8588,0.916597
8598,0.916597
8608,0.916597
8618,0.916597
8628,0.916597
8638,0.916597
8648,0.916597
8658,0.916597
8668,0.916597
8746,0.916597
8756,0.916597
8766,0.916597
8776,0.916597
8786,0.916597
8796,0.916597
8806,0.916597
8816,0.916597
8826,0.916597
8836,0.916597
8914,0.916597
8924,0.916597
8934,0.916597
8944,0.916597
8954,0.916597
8964,0.916597
8974,0.916597
8984,0.916597
8994,0.916597
9004,0.916597
9082,0.916597
9092,0.916597
9102,0.916597
9112,0.916597
9122,0.916597
9132,0.916597
9142,0.916597
9152,0.916597
9162,0.916597
9172,0.916597
9250,0.916597
9260,0.916597
9270,0.916597
9280,0.916597
9290,0.916597
9300,0.916597
9310,0.916597
9320,0.916597
9330,0.916597
9340,0.916597
9418,0.916597
9428,0.916597
9438,0.916597
9448,0.916597
9458,0.916597
9468,0.916597
9478,0.916597
9488,0.916597
9498,0.916597
9508,0.916597
9586,0.916597
9596,0.916597
9606,0.916597
9616,0.916597
9626,0.916597
9636,0.916597
9646,0.916597
9656,0.916597
9666,0.916597
9676,0.916597
9754,0.916597
9764,0.916597
9774,0.916597
9784,0.916597
9794,0.916597
9804,0.916597
9814,0.916597
9824,0.916597
9834,0.916597
9844,0.916597
9922,0.916597
9932,0.916597
9942,0.916597
9952,0.916597
9962,0.916597
9972,0.916597
9982,0.916597
9992,0.916597
10002,0.916597
10012,0.916597
10090,0.916597
10100,0.916597
10110,0.916597
10120,0.916597
10130,0.916597
10140,0.916597
10150,0.916597
10160,0.916597
10170,0.916597
10180,0.916597
10258,0.916597
10268,0.916597
10278,0.916597
10288,0.916597
10298,0.916597
10308,0.916597
10318,0.916597
10328,0.916597
10338,0.916597
10348,0.916597
10426,0.916597
10436,0.916597
10446,0.916597
10456,0.916597
10466,0.916597
10476,0.916597
10486,0.916597
10496,0.916597
10506,0.916597
10516,0.916597
10594,0.916597
10604,0.916597
10614,0.916597
10624,0.916597
10634,0.916597
10644,0.916597
10654,0.916597
10664,0.916597
10674,0.916597
10684,0.916597
10762,0.916597
10772,0.916597
10782,0.916597
10792,0.916597
10802,0.916597
10812,0.916597
10822,0.916597
10832,0.916597
10842,0.916597
10852,0.916597
10930,0.916597
10940,0.916597
10950,0.916597
10960,0.916597
10970,0.916597
10980,0.916597
10990,0.916597
11000,0.916597
11010,0.916597
11020,0.916597
11098,0.916597
11108,0.916597
11118,0.916597
11128,0.916597
11138,0.916597
11148,0.916597
11158,0.916597
11168,0.916597
11178,0.916597
11188,0.916597
11266,0.916597
11276,0.916597
11286,0.916597
11296,0.916597
11306,0.916597
11316,0.916597
11326,0.916597
11336,0.916597
11346,0.916597
11356,0.916597
11434,0.916597
11444,0.916597
11454,0.916597
11464,0.916597
11474,0.916597
11484,0.916597
11494,0.916597
11504,0.916597
11514,0.916597
11524,0.916597
11602,0.916597
11612,0.916597
11622,0.916597
11632,0.916597
11642,0.916597
11652,0.916597
11662,0.916597
11672,0.916597
11682,0.916597
11692,0.916597
11770,0.916597
11780,0.916597
11790,0.916597
11800,0.916597
11810,0.916597
11820,0.916597
11830,0.916597
11840,0.916597
11850,0.916597
11860,0.916597
11938,0.916597
11948,0.916597
11958,0.916597
11968,0.916597
11978,0.916597
11988,0.916597
11998,0.916597
12008,0.916597
12018,0.916597
12028,0.916597
12106,0.916597
12116,0.916597
12126,0.916597
12136,0.916597
12146,0.916597
12156,0.916597
12166,0.916597
12176,0.916597
12186,0.916597
12196,0.916597
12274,0.916597
12284,0.916597
12294,0.916597
12304,0.916597
12314,0.916597
12324,0.916597
12334,0.916597
12344,0.916597
12354,0.916597
12364,0.916597
12442,0.916597
12452,0.916597
12462,0.916597
12472,0.916597
12482,0.916597
12492,0.916597
12502,0.916597
12512,0.916597
12522,0.916597
12532,0.916597
12610,0.916597
12620,0.916597
12630,0.916597
12640,0.916597
12650,0.916597
12660,0.916597
12670,0.916597
12680,0.916597
12690,0.916597
12700,0.916597
12778,0.916597
12788,0.916597
12798,0.916597
12808,0.916597
12818,0.916597
12828,0.916597
12838,0.916597
12848,0.916597
12858,0.916597
12868,0.916597
12946,0.916597
12956,0.916597
12966,0.916597
12976,0.916597
12986,0.916597
12996,0.916597
13006,0.916597
13016,0.916597
13026,0.916597
13036,0.916597
13114,0.916597
13124,0.916597
13134,0.916597
13144,0.916597
13154,0.916597
13164,0.916597
13174,0.916597
13184,0.916597
13194,0.916597
13204,0.916597
13282,0.916597
13292,0.916597
13302,0.916597
13312,0.916597
13322,0.916597
13332,0.916597
13342,0.916597
13352,0.916597
13362,0.916597
13372,0.916597
13450,0.916597
13460,0.916597
13470,0.916597
13480,0.916597
13490,0.916597
13500,0.916597
13510,0.916597
13520,0.916597
13530,0.916597
13540,0.916597
13618,0.918382
13628,0.918382
13638,0.918382
13648,0.918382
13658,0.918382
13668,0.918382
13678,0.918382
13688,0.918382
13698,0.918382
13708,0.918382
13786,0.918382
13796,0.918382
13806,0.918382
13816,0.918382
13826,0.918382
13836,0.918382
13846,0.918382
13856,0.918382
13866,0.918382
13876,0.918382
13954,0.918382
13964,0.918382
13974,0.918382
13984,0.918382
13994,0.918382
14004,0.918382
14014,0.918382
14024,0.918382
14034,0.918382
14044,0.918382
14122,0.918382
14132,0.918382
14142,0.918382
14152,0.918382
14162,0.918382
14172,0.918382
14182,0.918382
14192,0.918382
14202,0.918382
14212,0.918382
14290,0.918382
14300,0.918382
14310,0.918382
14320,0.918382
14330,0.918382
14340,0.918382
14350,0.918382
14360,0.918382
14370,0.918382
14380,0.918382
14458,0.918382
14468,0.918382
14478,0.918382
14488,0.918382
14498,0.918382
14508,0.918382
14518,0.918382
14528,0.918382
14538,0.918382
14548,0.918382
14626,0.918382
14636,0.918382
14646,0.918382
14656,0.918382
14666,0.918382
14676,0.918382
14686,0.918382
14696,0.918382
14706,0.918382
14716,0.918382
14794,0.918382
14804,0.918382
14814,0.918382
14824,0.918382
14834,0.918382
14844,0.918382
14854,0.918382
14864,0.918382
14874,0.918382
14884,0.918382
14962,0.918382
14972,0.918382
14982,0.918382
14992,0.918382
15002,0.918382
