10,0.456929
20,0.475194
30,0.4899
40,0.4899
50,0.506385
60,0.506385
70,0.517532
80,0.532238
90,0.535797
100,0.537576
178,0.597708
188,0.597708
198,0.597708
208,0.597708
218,0.607076
228,0.608855
238,0.608855
248,0.614193
258,0.614193
268,0.62534
346,0.62534
356,0.636487
366,0.638267
376,0.651193
386,0.651193
396,0.654752
406,0.654752
416,0.656531
426,0.669458
436,0.674796
514,0.696619
524,0.696619
534,0.696619
544,0.696619
554,0.696619
564,0.696619
574,0.696619
584,0.698399
594,0.700178
604,0.700178
682,0.709546
692,0.709546
702,0.709546
712,0.709546
722,0.709546
732,0.709546
742,0.713104
752,0.724252
762,0.724252
772,0.724252
850,0.740737
860,0.740737
870,0.740737
880,0.740737
890,0.740737
900,0.740737
910,0.740737
920,0.740737
930,0.740737
940,0.740737
1018,0.740737
1028,0.742516
1038,0.742516
1048,0.742516
1058,0.742516
1068,0.742516
1078,0.742516
1088,0.751884
1098,0.751884
1108,0.751884
1186,0.753192
1196,0.753192
1206,0.753192
1216,0.753192
1226,0.753192
1236,0.753192
1246,0.753192
1256,0.753192
1266,0.753192
1276,0.754972
1354,0.771457
1364,0.771457
1374,0.771457
1384,0.771457
1394,0.771457
1404,0.771457
1414,0.771457
1424,0.771457
1434,0.786163
1444,0.786163
1522,0.786163
1532,0.786163
1542,0.786163
1552,0.786163
1562,0.786163
1572,0.786163
1582,0.786163
1592,0.786163
1602,0.786163
1612,0.786163
1690,0.786163
1700,0.786163
1710,0.786163
1720,0.787942
1730,0.787942
1740,0.799089
1750,0.799089
1760,0.799089
1770,0.799089
1780,0.800869
1858,0.802648
1868,0.802648
1878,0.802648
1888,0.802648
1898,0.802648
1908,0.802648
1918,0.802648
1928,0.802648
1938,0.802648
1948,0.802648
2026,0.802648
2036,0.802648
2046,0.802648
2056,0.802648
2066,0.802648
2076,0.802648
2086,0.802648
2096,0.802648
2106,0.802648
2116,0.802648
2194,0.817354
2204,0.817354
2214,0.817825
2224,0.817825
2234,0.817825
2244,0.817825
2254,0.817825
2264,0.817825
2274,0.817825
2284,0.817825
2362,0.854354
2372,0.854354
2382,0.854354
2392,0.854354
2402,0.854354
2412,0.854354
2422,0.854354
2432,0.857913
2442,0.857913
2452,0.857913
2530,0.857913
2540,0.859692
2550,0.859692
2560,0.859692
2570,0.859692
2580,0.859692
2590,0.859692
2600,0.859692
2610,0.859692
2620,0.859692
2698,0.859692
2708,0.859692
2718,0.859692
2728,0.859692
2738,0.859692
2748,0.859692
2758,0.859692
2768,0.859692
2778,0.859692
2788,0.859692
2866,0.859692
2876,0.859692
2886,0.859692
2896,0.859692
2906,0.859692
2916,0.859692
2926,0.859692
2936,0.859692
2946,0.859692
2956,0.859692
3034,0.859692
3044,0.859692
3054,0.859692
3064,0.859692
3074,0.859692
3084,0.859692
3094,0.859692
3104,0.859692
3114,0.859692
3124,0.859692
3202,0.859692
3212,0.859692
3222,0.859692
3232,0.859692
3242,0.859692
3252,0.859692
3262,0.859692
3272,0.859692
3282,0.859692
3292,0.859692
3370,0.859692
3380,0.859692
3390,0.859692
3400,0.859692
3410,0.859692
3420,0.859692
3430,0.859692
3440,0.859692
3450,0.859692
3460,0.859692
3538,0.859692
3548,0.859692
3558,0.859692
3568,0.859692
3578,0.859692
3588,0.859692
3598,0.859692
3608,0.859692
3618,0.859692
3628,0.859692
3706,0.859692
3716,0.859692
3726,0.859692
3736,0.859692
3746,0.859692
3756,0.859692
3766,0.859692
3776,0.859692
3786,0.859692
3796,0.859692
3874,0.859692
3884,0.859692
3894,0.859692
3904,0.859692
3914,0.859692
3924,0.859692
3934,0.859692
3944,0.859692
3954,0.859692
3964,0.859692
4042,0.859692
4052,0.859692
4062,0.859692
4072,0.859692
4082,0.859692
4092,0.859692
4102,0.859692
4112,0.859692
4122,0.859692
4132,0.859692
4210,0.859692
4220,0.859692
4230,0.859692
4240,0.859692
4250,0.859692
4260,0.859692
4270,0.859692
4280,0.859692
4290,0.859692
4300,0.859692
4378,0.859692
4388,0.859692
4398,0.859692
4408,0.859692
4418,0.859692
4428,0.859692
4438,0.859692
4448,0.859692
4458,0.859692
4468,0.859692
4546,0.859692
4556,0.859692
4566,0.859692
4576,0.859692
4586,0.859692
4596,0.859692
4606,0.859692
4616,0.859692
4626,0.859692
4636,0.859692
4714,0.859692
4724,0.859692
4734,0.859692
4744,0.859692
4754,0.859692
4764,0.859692
4774,0.859692
4784,0.859692
4794,0.859692
4804,0.859692
4882,0.859692
4892,0.859692
4902,0.859692
4912,0.859692
4922,0.859692
4932,0.859692
4942,0.859692
4952,0.859692
4962,0.859692
4972,0.859692
5050,0.859692
5060,0.859692
5070,0.859692
5080,0.859692
5090,0.859692
5100,0.859692
5110,0.859692
5120,0.859692
5130,0.859692
5140,0.859692
5218,0.859692
5228,0.859692
5238,0.859692
5248,0.859692
5258,0.859692
5268,0.859692
5278,0.859692
5288,0.859692
5298,0.859692
5308,0.859692
5386,0.859692
5396,0.859692
5406,0.859692
5416,0.859692
5426,0.859692
5436,0.859692
5446,0.859692
5456,0.859692
5466,0.859692
5476,0.859692
5554,0.859692
5564,0.859692
5574,0.859692
5584,0.859692
5594,0.859692
5604,0.867281
5614,0.867281
5624,0.867281
5634,0.867281
5644,0.86906
5722,0.86906
5732,0.86906
5742,0.86906
5752,0.86906
5762,0.86906
5772,0.86906
5782,0.86906
5792,0.86906
5802,0.86906
5812,0.86906
5890,0.86906
5900,0.86906
5910,0.86906
5920,0.86906
5930,0.86906
5940,0.86906
5950,0.86906
5960,0.86906
5970,0.86906
5980,0.86906
6058,0.86906
6068,0.86906
6078,0.86906
6088,0.86906
6098,0.86906
6108,0.86906
6118,0.86906
6128,0.86906
6138,0.86906
6148,0.86906
6226,0.86906
6236,0.86906
6246,0.86906
6256,0.86906
6266,0.86906
6276,0.86906
6286,0.86906
6296,0.86906
6306,0.86906
6316,0.86906
6394,0.86906
6404,0.86906
6414,0.86906
6424,0.86906
6434,0.86906
6444,0.86906
6454,0.86906
6464,0.870839
6474,0.870839
6484,0.870839
6562,0.870839
6572,0.870839
6582,0.870839
6592,0.872619
6602,0.872619
6612,0.872619
6622,0.872619
6632,0.872619
6642,0.872619
6652,0.872619
6730,0.887325
6740,0.887325
6750,0.887325
6760,0.887325
6770,0.887325
6780,0.887325
6790,0.887325
6800,0.887325
6810,0.887325
6820,0.887325
6898,0.89978
6908,0.89978
6918,0.89978
6928,0.89978
6938,0.89978
6948,0.89978
6958,0.89978
6968,0.89978
6978,0.89978
6988,0.89978
7066,0.89978
7076,0.89978
7086,0.89978
7096,0.89978
7106,0.89978
7116,0.89978
7126,0.89978
7136,0.89978
7146,0.89978
7156,0.89978
7234,0.912707
7244,0.912707
7254,0.912707
7264,0.912707
7274,0.912707
7284,0.912707
7294,0.912707
7304,0.912707
7314,0.912707
7324,0.912707
7402,0.912707
7412,0.912707
7422,0.912707
7432,0.912707
7442,0.912707
7452,0.912707
7462,0.912707
7472,0.912707
7482,0.912707
7492,0.912707
7570,0.912707
7580,0.912707
7590,0.912707
7600,0.912707
7610,0.912707
7620,0.912707
7630,0.912707
7640,0.912707
7650,0.912707
7660,0.912707
7738,0.912707
7748,0.912707
7758,0.912707
7768,0.912707
7778,0.912707
7788,0.912707
7798,0.912707
7808,0.912707
7818,0.912707
7828,0.912707
7906,0.912707
7916,0.912707
7926,0.912707
7936,0.912707
7946,0.912707
7956,0.912707
7966,0.912707
7976,0.912707
7986,0.912707
7996,0.912707
8074,0.912707
8084,0.912707
8094,0.912707
8104,0.912707
8114,0.912707
8124,0.912707
8134,0.912707
8144,0.912707
8154,0.912707
8164,0.912707
8242,0.912707
8252,0.912707
8262,0.912707
8272,0.912707
8282,0.912707
8292,0.912707
8302,0.912707
8312,0.912707
8322,0.912707
8332,0.912707
8410,0.912707
8420,0.912707
8430,0.912707
8440,0.912707
8450,0.912707
8460,0.912707
8470,0.912707
8480,0.912707
8490,0.912707
8500,0.912707
8578,0.912707
8588,0.912707
8598,0.912707
8608,0.912707
8618,0.912707
8628,0.912707
8638,0.912707
8648,0.912707
8658,0.912707
8668,0.912707
8746,0.912707
8756,0.912707
8766,0.912707
8776,0.912707
8786,0.912707
8796,0.912707
8806,0.912707
8816,0.912707
8826,0.912707
8836,0.912707
8914,0.912707
8924,0.912707
8934,0.912707
8944,0.912707
8954,0.912707
8964,0.912707
8974,0.912707
8984,0.912707
8994,0.912707
9004,0.912707
9082,0.912707
9092,0.912707
9102,0.912707
9112,0.912707
9122,0.912707
9132,0.912707
9142,0.912707
9152,0.912707
9162,0.912707
9172,0.912707
9250,0.912707
9260,0.912707
9270,0.912707
9280,0.912707
9290,0.912707
9300,0.912707
9310,0.912707
9320,0.912707
9330,0.912707
9340,0.912707
9418,0.912707
9428,0.912707
9438,0.912707
9448,0.912707
9458,0.912707
9468,0.912707
9478,0.912707
9488,0.912707
9498,0.912707
9508,0.912707
9586,0.912707
9596,0.912707
9606,0.912707
9616,0.912707
9626,0.912707
9636,0.912707
9646,0.912707
9656,0.912707
9666,0.912707
9676,0.912707
9754,0.914486
9764,0.914486
9774,0.914486
9784,0.914486
9794,0.914486
9804,0.914486
9814,0.914486
9824,0.914486
9834,0.914486
9844,0.914486
9922,0.914486
9932,0.914486
9942,0.914486
9952,0.914486
9962,0.914486
9972,0.914486
9982,0.914486
9992,0.914486
10002,0.914486
10012,0.914486
10090,0.914486
10100,0.914486
10110,0.914486
10120,0.914486
10130,0.914486
10140,0.914486
10150,0.914486
10160,0.914486
10170,0.914486
10180,0.914486
10258,0.914486
10268,0.914486
10278,0.914486
10288,0.914486
10298,0.914486
10308,0.914486
10318,0.914486
10328,0.914486
10338,0.914486
10348,0.914486
10426,0.914486
10436,0.914486
10446,0.914486
10456,0.914486
10466,0.914486
10476,0.914486
10486,0.914486
10496,0.914486
10506,0.914486
10516,0.914486
10594,0.914486
10604,0.914486
10614,0.914486
10624,0.914486
10634,0.914486
10644,0.914486
10654,0.914486
10664,0.914486
10674,0.914486
10684,0.914486
10762,0.914486
10772,0.914486
10782,0.914486
10792,0.914486
10802,0.914486
10812,0.914486
10822,0.914486
10832,0.914486
10842,0.914486
10852,0.914486
10930,0.914486
10940,0.914486
10950,0.914486
10960,0.914486
10970,0.914486
10980,0.914486
10990,0.914486
11000,0.914486
11010,0.914486
11020,0.914486
11098,0.914486
11108,0.914486
11118,0.914486
11128,0.914486
11138,0.914486
11148,0.914486
11158,0.914486
11168,0.914486
11178,0.914486
11188,0.914486
11266,0.914486
11276,0.914486
11286,0.914486
11296,0.914486
11306,0.914486
11316,0.914486
11326,0.914486
11336,0.914486
11346,0.914486
11356,0.914486
11434,0.914486
11444,0.914486
11454,0.914486
11464,0.914486
11474,0.914486
11484,0.914486
11494,0.914486
11504,0.914486
11514,0.914486
11524,0.914486
11602,0.914486
11612,0.914486
11622,0.914486
11632,0.914486
11642,0.914486
11652,0.914486
11662,0.914486
11672,0.914486
11682,0.914486
11692,0.914486
11770,0.914486
11780,0.914486
11790,0.914486
11800,0.914486
11810,0.914486
11820,0.914486
11830,0.914486
11840,0.914486
11850,0.914486
11860,0.914486
11938,0.914486
11948,0.914486
11958,0.914486
11968,0.914486
11978,0.914486
11988,0.914486
11998,0.914486
12008,0.914486
12018,0.914486
12028,0.914486
12106,0.914486
12116,0.914486
12126,0.914486
12136,0.914486
12146,0.914486
12156,0.914486
12166,0.914486
12176,0.914486
12186,0.914486
12196,0.914486
12274,0.914486
12284,0.914486
12294,0.914486
12304,0.914486
12314,0.914486
12324,0.914486
12334,0.914486
12344,0.914486
12354,0.914486
12364,0.914486
12442,0.914486
12452,0.914486
12462,0.914486
12472,0.914486
12482,0.914486
12492,0.914486
12502,0.914486
12512,0.914486
12522,0.914486
12532,0.914486
12610,0.914486
12620,0.914486
12630,0.914486
12640,0.914486
12650,0.914486
12660,0.916736
12670,0.916736
12680,0.916736
12690,0.916736
12700,0.916736
12778,0.916736
12788,0.916736
12798,0.916736
12808,0.916736
12818,0.916736
12828,0.916736
12838,0.916736
12848,0.916736
12858,0.916736
12868,0.916736
12946,0.916736
12956,0.918516
12966,0.920295
12976,0.920295
12986,0.920295
12996,0.920295
13006,0.920295
13016,0.920295
13026,0.920295
13036,0.920295
13114,0.920295
13124,0.920295
13134,0.920295
13144,0.920295
13154,0.920295
13164,0.920295
13174,0.920295
13184,0.920295
13194,0.920295
13204,0.920295
13282,0.920295
13292,0.920295
13302,0.920295
13312,0.920295
13322,0.920295
13332,0.920295
13342,0.920295
13352,0.920295
13362,0.920295
13372,0.920295
13450,0.920295
13460,0.920295
13470,0.920295
13480,0.920295
13490,0.920295
13500,0.920295
13510,0.920295
13520,0.920295
13530,0.920295
13540,0.920295
13618,0.920295
13628,0.920295
13638,0.920295
13648,0.920295
13658,0.920295
13668,0.920295
13678,0.920295
13688,0.920295
13698,0.920295
13708,0.920295
13786,0.920295
13796,0.920295
13806,0.920295
13816,0.920295
13826,0.920295
13836,0.920295
13846,0.920295
13856,0.920295
13866,0.920295
13876,0.920295
13954,0.920295
13964,0.920295
13974,0.920295
13984,0.920295
13994,0.920295
14004,0.920295
14014,0.920295
14024,0.920295
14034,0.920295
14044,0.920295
14122,0.920295
14132,0.920295
14142,0.920295
14152,0.920295
14162,0.920295
14172,0.920295
14182,0.920295
14192,0.920295
14202,0.920295
14212,0.920295
14290,0.920295
14300,0.920295
14310,0.920295
14320,0.920295
14330,0.920295
14340,0.920295
14350,0.920295
14360,0.920295
14370,0.920295
14380,0.920295
14458,0.920295
14468,0.920295
14478,0.920295
14488,0.920295
14498,0.920295
14508,0.920295
14518,0.920295
14528,0.920295
14538,0.920295
14548,0.920295
14626,0.920295
14636,0.920295
14646,0.920295
14656,0.920295
14666,0.920295
14676,0.920295
14686,0.920295
14696,0.920295
14706,0.920295
14716,0.920295
14794,0.920295
14804,0.920295
14814,0.920295
14824,0.920295
14834,0.920295
14844,0.920295
14854,0.920295
14864,0.920295
14874,0.920295
14884,0.920295
14962,0.920295
14972,0.920295
14982,0.920295
14992,0.920295
15002,0.920295
