30,0.469118
60,0.483824
90,0.498529
120,0.514601
150,0.518592
180,0.527521
210,0.540441
240,0.544013
270,0.544013
300,0.544433
330,0.573845
360,0.57563
390,0.582773
420,0.582773
450,0.584979
480,0.590336
510,0.608613
540,0.608613
570,0.617542
600,0.617962
630,0.625105
660,0.625105
690,0.64874
720,0.652311
750,0.652311
780,0.652311
810,0.659874
840,0.66166
870,0.66166
900,0.66166
930,0.669223
960,0.669223
990,0.671008
1020,0.685714
1050,0.685714
1080,0.685714
1110,0.685714
1140,0.685714
1170,0.701786
1200,0.701786
1230,0.71292
1260,0.71292
1290,0.717332
1320,0.726261
1350,0.742752
1380,0.742752
1410,0.747689
1440,0.747689
1470,0.747689
1500,0.747689
1530,0.747689
1560,0.747689
1590,0.765966
1620,0.765966
1650,0.769538
1680,0.769538
1710,0.769538
1740,0.769538
1770,0.769538
1800,0.769538
1830,0.769538
1860,0.769538
1890,0.769538
1920,0.769538
1950,0.769538
1980,0.769538
2010,0.769538
2040,0.769538
2070,0.769538
2100,0.769538
2130,0.769538
2160,0.769538
2190,0.780672
2220,0.780672
2250,0.782458
2280,0.782458
2310,0.782458
2340,0.784244
2370,0.784244
2400,0.784244
2430,0.784244
2460,0.784244
2490,0.784244
2520,0.786029
2550,0.791807
2580,0.79895
2610,0.800735
2640,0.800735
2670,0.800735
2700,0.800735
2730,0.800735
2760,0.800735
2790,0.800735
2820,0.800735
2850,0.802521
2880,0.802521
2910,0.802521
2940,0.802521
2970,0.802521
3000,0.802521
3030,0.802521
3060,0.802521
3090,0.802521
3120,0.804307
3150,0.804307
3180,0.804307
3210,0.804307
3240,0.804307
3270,0.804307
3300,0.804307
3330,0.804307
3360,0.804307
3390,0.804307
3420,0.804307
3450,0.804307
3480,0.804307
3510,0.804307
3540,0.804307
3570,0.804307
3600,0.804307
3630,0.804307
3660,0.804307
3690,0.804307
3720,0.804307
3750,0.804727
3780,0.804727
3810,0.804727
3840,0.804727
3870,0.804727
3900,0.806513
3930,0.806513
3960,0.806513
3990,0.806513
4020,0.806513
4050,0.806513
4080,0.819433
4110,0.819433
4140,0.819433
4170,0.819433
4200,0.819433
4230,0.819433
4260,0.819433
4290,0.819433
4320,0.819433
4350,0.819433
4380,0.819433
4410,0.819433
4440,0.819433
4470,0.835924
4500,0.835924
4530,0.835924
4560,0.835924
4590,0.835924
4620,0.83771
4650,0.83771
4680,0.83771
4710,0.83771
4740,0.83771
4770,0.83771
4800,0.83771
4830,0.83771
4860,0.83771
4890,0.83771
4920,0.83771
4950,0.841282
4980,0.841282
5010,0.841282
5040,0.841282
5070,0.841282
5100,0.841282
5130,0.841282
5160,0.841282
5190,0.841282
5220,0.841282
5250,0.841282
5280,0.841282
5310,0.841282
5340,0.841282
5370,0.841282
5400,0.841282
5430,0.841282
5460,0.841282
5490,0.841282
5520,0.841282
5550,0.841282
5580,0.841282
5610,0.841282
5640,0.841282
5670,0.85063
5700,0.85063
5730,0.85063
5760,0.85063
5790,0.85063
5820,0.85063
5850,0.85063
5880,0.852836
5910,0.854202
5940,0.854202
5970,0.854202
6000,0.854202
6030,0.854202
6060,0.854202
6090,0.854202
6120,0.854202
6150,0.854202
6180,0.854202
6210,0.855987
6240,0.855987
6270,0.855987
6300,0.855987
6330,0.855987
6360,0.855987
6390,0.855987
6420,0.855987
6450,0.855987
6480,0.855987
6510,0.855987
6540,0.855987
6570,0.855987
6600,0.855987
6630,0.855987
6660,0.855987
6690,0.855987
6720,0.855987
6750,0.855987
6780,0.855987
6810,0.855987
6840,0.855987
6870,0.855987
6900,0.855987
6930,0.855987
6960,0.855987
6990,0.855987
7020,0.855987
7050,0.855987
7080,0.855987
7110,0.855987
7140,0.855987
7170,0.855987
7200,0.855987
7230,0.855987
7260,0.855987
7290,0.855987
7320,0.855987
7350,0.855987
7380,0.855987
7410,0.855987
7440,0.855987
7470,0.855987
7500,0.855987
7530,0.855987
7560,0.855987
7590,0.855987
7620,0.855987
7650,0.855987
7680,0.855987
7710,0.855987
7740,0.855987
7770,0.855987
7800,0.855987
7830,0.855987
7860,0.859559
7890,0.859559
7920,0.859559
7950,0.859559
7980,0.859559
8010,0.859559
8040,0.859559
8070,0.859559
8100,0.859559
8130,0.859559
8160,0.859559
8190,0.859559
8220,0.859559
8250,0.859559
8280,0.859559
8310,0.859559
8340,0.859559
8370,0.859559
8400,0.859559
8430,0.859559
8460,0.859559
8490,0.859559
8520,0.859559
8550,0.859559
8580,0.859559
8610,0.859559
8640,0.859559
8670,0.859559
8700,0.859559
8730,0.859559
8760,0.859559
8790,0.859559
8820,0.859559
8850,0.859559
8880,0.859559
8910,0.859559
8940,0.859559
8970,0.859559
9000,0.859559
9030,0.859559
9060,0.859559
9090,0.859559
9120,0.859559
9150,0.859559
9180,0.859559
9210,0.859559
9240,0.859559
9270,0.859559
9300,0.859559
9330,0.859559
9360,0.859559
9390,0.859559
9420,0.859559
9450,0.859559
9480,0.859559
9510,0.859559
9540,0.859559
9570,0.859979
9600,0.859979
9630,0.859979
9660,0.859979
9690,0.859979
9720,0.859979
9750,0.859979
9780,0.859979
9810,0.859979
9840,0.859979
9870,0.859979
9900,0.861765
9930,0.861765
9960,0.861765
9990,0.861765
10020,0.86355
10050,0.86355
10080,0.86355
10110,0.86355
10140,0.86355
10170,0.86355
10200,0.86355
10230,0.86355
10260,0.86355
10290,0.86355
10320,0.86355
10350,0.86355
10380,0.86355
10410,0.86355
10440,0.86355
10470,0.86355
10500,0.86355
10530,0.86355
10560,0.86355
10590,0.86355
10620,0.86355
10650,0.86355
10680,0.86355
10710,0.86355
10740,0.86355
10770,0.86355
10800,0.865336
10830,0.865336
10860,0.865336
10890,0.865336
10920,0.865336
10950,0.865336
10980,0.865336
11010,0.865336
11040,0.865336
11070,0.865336
11100,0.865336
11130,0.865336
11160,0.865336
11190,0.865336
11220,0.865336
11250,0.865336
11280,0.865336
11310,0.865336
11340,0.865336
11370,0.865336
11400,0.865336
11430,0.865336
11460,0.865336
11490,0.867122
11520,0.867122
11550,0.867122
11580,0.867122
11610,0.867122
11640,0.867122
11670,0.867122
11700,0.867122
11730,0.867122
11760,0.867122
11790,0.867122
11820,0.867122
11850,0.867122
11880,0.867122
11910,0.867122
11940,0.867122
11970,0.867122
12000,0.867122
12030,0.867122
12060,0.867122
12090,0.867122
12120,0.867122
12150,0.867122
12180,0.867122
12210,0.867122
12240,0.867122
12270,0.867122
12300,0.867122
12330,0.867122
12360,0.867122
12390,0.867122
12420,0.867122
12450,0.867122
12480,0.867122
12510,0.867122
12540,0.867122
12570,0.867122
12600,0.867122
12630,0.867122
12660,0.867122
12690,0.867122
12720,0.867122
12750,0.867122
12780,0.867122
12810,0.867122
12840,0.867122
12870,0.867122
12900,0.867122
12930,0.867122
12960,0.867122
12990,0.867122
13020,0.867122
13050,0.867122
13080,0.867122
13110,0.867122
13140,0.867122
13170,0.867122
13200,0.867122
13230,0.867122
13260,0.867122
13290,0.867122
13320,0.867122
13350,0.867122
13380,0.867122
13410,0.867122
13440,0.867122
13470,0.867122
13500,0.867122
13530,0.867122
13560,0.867122
13590,0.867122
13620,0.867122
13650,0.867122
13680,0.867122
13710,0.867122
13740,0.867122
13770,0.867122
13800,0.867122
13830,0.867122
13860,0.867122
13890,0.867122
13920,0.867122
13950,0.867122
13980,0.867122
14010,0.867122
14040,0.867122
14070,0.867122
14100,0.867122
14130,0.867122
14160,0.867122
14190,0.867122
14220,0.867122
14250,0.867122
14280,0.867122
14310,0.867122
14340,0.867122
14370,0.867122
14400,0.867122
14430,0.867122
14460,0.867122
14490,0.867122
14520,0.867122
14550,0.867122
14580,0.867122
14610,0.867122
14640,0.867122
14670,0.867122
14700,0.867122
14730,0.867122
14760,0.867122
14790,0.867122
14820,0.867122
14850,0.867122
14880,0.867122
14910,0.867122
14940,0.868908
14970,0.868908
15000,0.868908
