10,0.456929
20,0.476973
30,0.4899
40,0.502826
50,0.511723
60,0.517532
70,0.534017
80,0.534017
90,0.537576
100,0.550502
178,0.552282
188,0.578135
198,0.579914
208,0.579914
218,0.592841
228,0.596399
238,0.599958
248,0.599958
258,0.611105
268,0.611105
346,0.620002
356,0.620002
366,0.634708
376,0.634708
386,0.652973
396,0.652973
406,0.652973
416,0.652973
426,0.652973
436,0.656531
514,0.661869
524,0.661869
534,0.661869
544,0.671237
554,0.671237
564,0.671237
574,0.671237
584,0.671237
594,0.676575
604,0.691281
682,0.716663
692,0.716663
702,0.716663
712,0.716663
722,0.716663
732,0.72781
742,0.72781
752,0.72781
762,0.72781
772,0.72781
850,0.73184
860,0.73184
870,0.73184
880,0.73184
890,0.73184
900,0.737178
910,0.737178
920,0.737178
930,0.737178
940,0.737178
1018,0.737178
1028,0.737178
1038,0.737178
1048,0.737178
1058,0.737178
1068,0.737178
1078,0.737178
1088,0.737178
1098,0.737178
1108,0.737178
1186,0.737178
1196,0.737178
1206,0.740737
1216,0.753663
1226,0.753663
1236,0.753663
1246,0.753663
1256,0.753663
1266,0.755443
1276,0.764811
1354,0.764811
1364,0.764811
1374,0.764811
1384,0.76659
1394,0.76659
1404,0.76659
1414,0.76659
1424,0.76659
1434,0.770149
1444,0.770149
1522,0.770149
1532,0.770149
1542,0.770149
1552,0.770149
1562,0.770149
1572,0.770149
1582,0.770149
1592,0.770149
1602,0.770149
1612,0.770149
1690,0.771928
1700,0.771928
1710,0.771928
1720,0.771928
1730,0.783075
1740,0.783075
1750,0.783075
1760,0.783075
1770,0.783075
1780,0.783075
1858,0.783075
1868,0.783075
1878,0.783075
1888,0.783075
1898,0.783075
1908,0.783075
1918,0.783075
1928,0.783075
1938,0.783075
1948,0.783075
2026,0.796002
2036,0.796002
2046,0.796002
2056,0.796002
2066,0.796002
2076,0.796002
2086,0.796002
2096,0.796002
2106,0.796002
2116,0.796002
2194,0.796002
2204,0.796002
2214,0.796002
2224,0.796002
2234,0.796002
2244,0.796002
2254,0.796002
2264,0.796002
2274,0.796002
2284,0.796002
2362,0.80359
2372,0.80359
2382,0.80359
2392,0.80359
2402,0.80359
2412,0.80359
2422,0.80359
2432,0.80359
2442,0.80359
2452,0.80359
2530,0.80359
2540,0.80359
2550,0.80359
2560,0.80359
2570,0.805369
2580,0.805369
2590,0.805369
2600,0.805369
2610,0.805369
2620,0.805369
2698,0.805369
2708,0.805369
2718,0.805369
2728,0.805369
2738,0.805369
2748,0.805369
2758,0.805369
2768,0.805369
2778,0.805369
2788,0.805369
2866,0.805369
2876,0.805369
2886,0.805369
2896,0.805369
2906,0.805369
2916,0.805369
2926,0.805369
2936,0.805369
2946,0.805369
2956,0.805369
3034,0.805369
3044,0.805369
3054,0.805369
3064,0.805369
3074,0.805369
3084,0.805369
3094,0.805369
3104,0.805369
3114,0.805369
3124,0.805369
3202,0.805369
3212,0.805369
3222,0.805369
3232,0.805369
3242,0.805369
3252,0.805369
3262,0.805369
3272,0.805369
3282,0.805369
3292,0.805369
3370,0.805369
3380,0.805369
3390,0.805369
3400,0.805369
3410,0.805369
3420,0.807149
3430,0.808928
3440,0.808928
3450,0.810708
3460,0.810708
3538,0.830752
3548,0.832531
3558,0.832531
3568,0.832531
3578,0.832531
3588,0.832531
3598,0.832531
3608,0.832531
3618,0.832531
3628,0.832531
3706,0.832531
3716,0.832531
3726,0.832531
3736,0.832531
3746,0.832531
3756,0.832531
3766,0.832531
3776,0.832531
3786,0.832531
3796,0.832531
3874,0.832531
3884,0.832531
3894,0.832531
3904,0.83431
3914,0.83431
3924,0.83431
3934,0.83431
3944,0.83431
3954,0.83431
3964,0.83431
4042,0.83431
4052,0.83431
4062,0.83431
4072,0.844149
4082,0.844149
4092,0.844149
4102,0.844149
4112,0.844149
4122,0.844149
4132,0.844149
4210,0.844149
4220,0.844149
4230,0.844149
4240,0.844149
4250,0.844149
4260,0.844149
4270,0.844149
4280,0.844149
4290,0.844149
4300,0.844149
4378,0.844149
4388,0.844149
4398,0.844149
4408,0.844149
4418,0.844149
4428,0.844149
4438,0.844149
4448,0.844149
4458,0.844149
4468,0.844149
4546,0.844149
4556,0.844149
4566,0.844149
4576,0.844149
4586,0.844149
4596,0.844149
4606,0.844149
4616,0.844149
4626,0.844149
4636,0.844149
4714,0.844149
4724,0.844149
4734,0.844149
4744,0.844149
4754,0.844149
4764,0.844149
4774,0.844149
4784,0.845928
4794,0.845928
4804,0.845928
4882,0.845928
4892,0.845928
4902,0.845928
4912,0.845928
4922,0.845928
4932,0.845928
4942,0.845928
4952,0.845928
4962,0.845928
4972,0.845928
5050,0.845928
5060,0.845928
5070,0.845928
5080,0.845928
5090,0.845928
5100,0.845928
5110,0.845928
5120,0.845928
5130,0.845928
5140,0.845928
5218,0.845928
5228,0.845928
5238,0.845928
5248,0.845928
5258,0.845928
5268,0.845928
5278,0.845928
5288,0.845928
5298,0.845928
5308,0.845928
5386,0.845928
5396,0.845928
5406,0.845928
5416,0.845928
5426,0.845928
5436,0.845928
5446,0.845928
5456,0.847708
5466,0.847708
5476,0.847708
5554,0.847708
5564,0.847708
5574,0.847708
5584,0.847708
5594,0.847708
5604,0.847708
5614,0.847708
5624,0.851267
5634,0.854825
5644,0.854825
5722,0.854825
5732,0.854825
5742,0.854825
5752,0.854825
5762,0.854825
5772,0.854825
5782,0.854825
5792,0.854825
5802,0.854825
5812,0.854825
5890,0.854825
5900,0.856605
5910,0.856605
5920,0.856605
5930,0.864193
5940,0.864193
5950,0.864193
5960,0.864193
5970,0.864193
5980,0.864193
6058,0.865972
6068,0.865972
6078,0.865972
6088,0.865972
6098,0.865972
6108,0.865972
6118,0.865972
6128,0.865972
6138,0.865972
6148,0.865972
6226,0.865972
6236,0.865972
6246,0.865972
6256,0.865972
6266,0.865972
6276,0.865972
6286,0.865972
6296,0.865972
6306,0.865972
6316,0.865972
6394,0.865972
6404,0.865972
6414,0.865972
6424,0.865972
6434,0.865972
6444,0.865972
6454,0.865972
6464,0.865972
6474,0.865972
6484,0.865972
6562,0.865972
6572,0.865972
6582,0.865972
6592,0.865972
6602,0.865972
6612,0.865972
6622,0.865972
6632,0.865972
6642,0.865972
6652,0.865972
6730,0.865972
6740,0.865972
6750,0.865972
6760,0.865972
6770,0.865972
6780,0.865972
6790,0.865972
6800,0.865972
6810,0.865972
6820,0.865972
6898,0.865972
6908,0.865972
6918,0.865972
6928,0.865972
6938,0.865972
6948,0.865972
6958,0.873561
6968,0.873561
6978,0.873561
6988,0.87534
7066,0.87534
7076,0.87534
7086,0.87534
7096,0.87534
7106,0.87534
7116,0.87712
7126,0.87712
7136,0.87712
7146,0.87712
7156,0.87712
7234,0.87712
7244,0.87712
7254,0.87712
7264,0.87712
7274,0.87712
7284,0.87712
7294,0.87712
7304,0.87712
7314,0.896693
7324,0.896693
7402,0.896693
7412,0.898472
7422,0.898472
7432,0.898472
7442,0.898472
7452,0.898472
7462,0.898472
7472,0.898472
7482,0.898472
7492,0.898472
7570,0.898472
7580,0.898472
7590,0.898472
7600,0.898472
7610,0.898472
7620,0.898472
7630,0.898472
7640,0.898472
7650,0.898472
7660,0.898472
7738,0.898472
7748,0.898472
7758,0.898472
7768,0.898472
7778,0.898472
7788,0.898472
7798,0.898472
7808,0.898472
7818,0.898472
7828,0.898472
7906,0.898472
7916,0.898472
7926,0.898472
7936,0.898472
7946,0.898472
7956,0.898472
7966,0.898472
7976,0.898472
7986,0.898472
7996,0.898472
8074,0.898472
8084,0.898472
8094,0.898472
8104,0.898472
8114,0.898472
8124,0.898472
8134,0.898472
8144,0.898472
8154,0.898472
8164,0.898472
8242,0.898472
8252,0.898472
8262,0.898472
8272,0.898472
8282,0.898472
8292,0.898472
8302,0.898472
8312,0.898472
8322,0.898472
8332,0.898472
8410,0.898472
8420,0.898472
8430,0.898472
8440,0.898472
8450,0.898472
8460,0.898472
8470,0.898472
8480,0.898472
8490,0.898472
8500,0.898472
8578,0.898472
8588,0.898472
8598,0.898472
8608,0.898472
8618,0.898472
8628,0.898472
8638,0.898472
8648,0.898472
8658,0.898472
8668,0.898472
8746,0.898472
8756,0.898472
8766,0.898472
8776,0.898472
8786,0.898472
8796,0.898472
8806,0.898472
8816,0.898472
8826,0.898472
8836,0.898472
8914,0.898472
8924,0.898472
8934,0.898472
8944,0.898472
8954,0.898472
8964,0.898472
8974,0.898472
8984,0.898472
8994,0.898472
9004,0.898472
9082,0.898472
9092,0.898472
9102,0.898472
9112,0.898472
9122,0.898472
9132,0.898472
9142,0.898472
9152,0.898472
9162,0.898472
9172,0.898472
9250,0.898472
9260,0.898472
9270,0.898472
9280,0.898472
9290,0.898472
9300,0.898472
9310,0.898472
9320,0.898472
9330,0.898472
9340,0.898472
9418,0.898472
9428,0.898472
9438,0.898472
9448,0.898472
9458,0.898472
9468,0.898472
9478,0.898472
9488,0.898472
9498,0.898472
9508,0.898472
9586,0.898472
9596,0.898472
9606,0.898472
9616,0.898472
9626,0.898472
9636,0.898472
9646,0.898472
9656,0.898472
9666,0.898472
9676,0.898472
9754,0.898472
9764,0.898472
9774,0.898472
9784,0.898472
9794,0.898472
9804,0.898472
9814,0.898472
9824,0.898472
9834,0.898472
9844,0.898472
9922,0.898472
9932,0.898472
9942,0.898472
9952,0.898472
9962,0.898472
9972,0.898472
9982,0.898472
9992,0.898472
10002,0.898472
10012,0.898472
10090,0.898472
10100,0.898472
10110,0.898472
10120,0.898472
10130,0.898472
10140,0.898472
10150,0.898472
10160,0.898472
10170,0.898472
10180,0.898472
10258,0.898472
10268,0.898472
10278,0.898472
10288,0.898472
10298,0.898472
10308,0.898472
10318,0.898472
10328,0.898472
10338,0.898472
10348,0.898472
10426,0.898472
10436,0.898472
10446,0.898472
10456,0.898472
10466,0.898472
10476,0.898472
10486,0.898472
10496,0.898472
10506,0.898472
10516,0.898472
10594,0.898472
10604,0.898472
10614,0.898472
10624,0.898472
10634,0.898472
10644,0.898472
10654,0.898472
10664,0.898472
10674,0.898472
10684,0.898472
10762,0.898472
10772,0.898472
10782,0.898472
10792,0.898472
10802,0.898472
10812,0.898472
10822,0.898472
10832,0.898472
10842,0.898472
10852,0.898472
10930,0.898472
10940,0.898472
10950,0.898472
10960,0.898472
10970,0.898472
10980,0.898472
10990,0.898472
11000,0.898472
11010,0.898472
11020,0.898472
11098,0.898472
11108,0.898472
11118,0.898472
11128,0.898472
11138,0.898472
11148,0.898472
11158,0.898472
11168,0.898472
11178,0.898472
11188,0.898472
11266,0.898472
11276,0.898472
11286,0.898472
11296,0.898472
11306,0.898472
11316,0.898472
11326,0.898472
11336,0.898472
11346,0.898472
11356,0.898472
11434,0.898472
11444,0.898472
11454,0.898472
11464,0.898472
11474,0.898472
11484,0.898472
11494,0.898472
11504,0.898472
11514,0.898472
11524,0.898472
11602,0.898472
11612,0.898472
11622,0.898472
11632,0.898472
11642,0.898472
11652,0.898472
11662,0.898472
11672,0.898472
11682,0.898472
11692,0.898472
11770,0.898472
11780,0.898472
11790,0.898472
11800,0.898472
11810,0.898472
11820,0.898472
11830,0.898472
11840,0.898472
11850,0.898472
11860,0.898472
11938,0.898472
11948,0.898472
11958,0.898472
11968,0.898472
11978,0.898472
11988,0.898472
11998,0.898472
12008,0.898472
12018,0.898472
12028,0.898472
12106,0.898472
12116,0.898472
12126,0.898472
12136,0.898472
12146,0.898472
12156,0.898472
12166,0.898472
12176,0.898472
12186,0.898472
12196,0.898472
12274,0.898472
12284,0.898472
12294,0.898472
12304,0.898472
12314,0.898472
12324,0.898472
12334,0.898472
12344,0.898472
12354,0.898472
12364,0.898472
12442,0.898472
12452,0.898472
12462,0.898472
12472,0.898472
12482,0.898472
12492,0.898472
12502,0.898472
12512,0.898472
12522,0.898472
12532,0.898472
12610,0.898472
12620,0.898472
12630,0.898472
12640,0.898472
12650,0.898472
12660,0.900251
12670,0.900251
12680,0.900251
12690,0.900251
12700,0.900251
12778,0.900251
12788,0.900251
12798,0.900251
12808,0.900251
12818,0.900251
12828,0.900251
12838,0.900251
12848,0.900251
12858,0.900251
12868,0.900251
12946,0.900251
12956,0.900251
12966,0.900251
12976,0.900251
12986,0.900251
12996,0.900251
13006,0.900251
13016,0.900251
13026,0.900251
13036,0.900251
13114,0.900251
13124,0.900251
13134,0.900251
13144,0.900251
13154,0.900251
13164,0.900251
13174,0.900251
13184,0.900251
13194,0.900251
13204,0.900251
13282,0.900251
13292,0.900251
13302,0.900251
13312,0.900251
13322,0.900251
13332,0.900251
13342,0.900251
13352,0.900251
13362,0.900251
13372,0.900251
13450,0.900251
13460,0.900251
13470,0.900251
13480,0.900251
13490,0.900251
13500,0.900251
13510,0.900251
13520,0.900251
13530,0.900251
13540,0.900251
13618,0.900251
13628,0.900251
13638,0.900251
13648,0.900251
13658,0.900251
13668,0.900251
13678,0.900251
13688,0.900251
13698,0.900251
13708,0.900251
13786,0.900251
13796,0.900251
13806,0.900251
13816,0.900251
13826,0.900251
13836,0.900251
13846,0.900251
13856,0.900251
13866,0.900251
13876,0.900251
13954,0.900251
13964,0.900251
13974,0.900251
13984,0.900251
13994,0.900251
14004,0.900251
14014,0.900251
14024,0.900251
14034,0.90381
14044,0.90381
14122,0.90381
14132,0.90381
14142,0.90381
14152,0.90381
14162,0.90381
14172,0.90381
14182,0.90381
14192,0.90381
14202,0.90381
14212,0.90381
14290,0.90381
14300,0.90381
14310,0.90381
14320,0.90381
14330,0.90381
14340,0.90381
14350,0.90381
14360,0.90381
14370,0.90381
14380,0.90381
14458,0.90381
14468,0.90381
14478,0.90381
14488,0.90381
14498,0.90381
14508,0.90381
14518,0.90381
14528,0.90381
14538,0.90381
14548,0.90381
14626,0.90381
14636,0.90381
14646,0.90381
14656,0.90381
14666,0.90381
14676,0.90381
14686,0.90381
14696,0.90381
14706,0.90381
14716,0.90381
14794,0.90381
14804,0.90381
14814,0.90381
14824,0.90381
14834,0.90381
14844,0.90381
14854,0.90381
14864,0.90381
14874,0.90381
14884,0.90381
14962,0.90381
14972,0.90381
14982,0.90381
14992,0.90381
15002,0.90381
