10,0.48184
20,0.511252
30,0.521928
40,0.521928
50,0.521928
60,0.558928
70,0.558928
80,0.562487
90,0.571855
100,0.571855
178,0.586561
188,0.58834
198,0.601267
208,0.603046
218,0.603046
228,0.608384
238,0.608384
248,0.624869
258,0.624869
268,0.636016
346,0.650251
356,0.650251
366,0.65784
376,0.65784
386,0.65784
396,0.65784
406,0.670766
416,0.681913
426,0.681913
436,0.681913
514,0.751413
524,0.751413
534,0.751413
544,0.751413
554,0.751413
564,0.751413
574,0.751413
584,0.751413
594,0.751413
604,0.751413
682,0.751413
692,0.751413
702,0.751413
712,0.751413
722,0.751413
732,0.751413
742,0.751413
752,0.751413
762,0.751413
772,0.751413
850,0.751413
860,0.751413
870,0.751413
880,0.751413
890,0.751413
900,0.751413
910,0.751413
920,0.751413
930,0.751413
940,0.751413
1018,0.751413
1028,0.751413
1038,0.751413
1048,0.751413
1058,0.751413
1068,0.751413
1078,0.751413
1088,0.751413
1098,0.751413
1108,0.751413
1186,0.751413
1196,0.751413
1206,0.751413
1216,0.751413
1226,0.751413
1236,0.751413
1246,0.751413
1256,0.751413
1266,0.751413
1276,0.751413
1354,0.751413
1364,0.751413
1374,0.751413
1384,0.751413
1394,0.751413
1404,0.751413
1414,0.751413
1424,0.751413
1434,0.751413
1444,0.751413
1522,0.751413
1532,0.751413
1542,0.751413
1552,0.751413
1562,0.751413
1572,0.751413
1582,0.751413
1592,0.751413
1602,0.751413
1612,0.751413
1690,0.751413
1700,0.751413
1710,0.751413
1720,0.751413
1730,0.751413
1740,0.751413
1750,0.751413
1760,0.751413
1770,0.751413
1780,0.751413
1858,0.751413
1868,0.751413
1878,0.751413
1888,0.751413
1898,0.751413
1908,0.751413
1918,0.751413
1928,0.751413
1938,0.751413
1948,0.751413
2026,0.751413
2036,0.751413
2046,0.751413
2056,0.751413
2066,0.751413
2076,0.751413
2086,0.751413
2096,0.751413
2106,0.751413
2116,0.751413
2194,0.751413
2204,0.751413
2214,0.751413
2224,0.751413
2234,0.751413
2244,0.751413
2254,0.751413
2264,0.751413
2274,0.751413
2284,0.751413
2362,0.751413
2372,0.751413
2382,0.751413
2392,0.751413
2402,0.751413
2412,0.751413
2422,0.751413
2432,0.751413
2442,0.751413
2452,0.751413
2530,0.751413
2540,0.751413
2550,0.751413
2560,0.751413
2570,0.751413
2580,0.751413
2590,0.751413
2600,0.751413
2610,0.751413
2620,0.751413
2698,0.751413
2708,0.751413
2718,0.751413
2728,0.751413
2738,0.751413
2748,0.751413
2758,0.751413
2768,0.751413
2778,0.751413
2788,0.751413
2866,0.751413
2876,0.751413
2886,0.751413
2896,0.751413
2906,0.751413
2916,0.753663
2926,0.753663
2936,0.753663
2946,0.757222
2956,0.757222
3034,0.767898
3044,0.773707
3054,0.773707
3064,0.795531
3074,0.795531
3084,0.795531
3094,0.795531
3104,0.813795
3114,0.813795
3124,0.813795
3202,0.813795
3212,0.817354
3222,0.817354
3232,0.817354
3242,0.830281
3252,0.830281
3262,0.830281
3272,0.830281
3282,0.830281
3292,0.837869
3370,0.839648
3380,0.839648
3390,0.839648
3400,0.854354
3410,0.854354
3420,0.867281
3430,0.867281
3440,0.867281
3450,0.867281
3460,0.86906
3538,0.86906
3548,0.86906
3558,0.86906
3568,0.86906
3578,0.870839
3588,0.870839
3598,0.870839
3608,0.870839
3618,0.870839
3628,0.870839
3706,0.870839
3716,0.870839
3726,0.870839
3736,0.870839
3746,0.870839
3756,0.870839
3766,0.870839
3776,0.870839
3786,0.870839
3796,0.878428
3874,0.878428
3884,0.878428
3894,0.878428
3904,0.878428
3914,0.879736
3924,0.879736
3934,0.879736
3944,0.879736
3954,0.879736
3964,0.879736
4042,0.879736
4052,0.879736
4062,0.879736
4072,0.879736
4082,0.879736
4092,0.879736
4102,0.879736
4112,0.879736
4122,0.879736
4132,0.881516
4210,0.881516
4220,0.881516
4230,0.881516
4240,0.881516
4250,0.881516
4260,0.881516
4270,0.881516
4280,0.881516
4290,0.881516
4300,0.881516
4378,0.881516
4388,0.881516
4398,0.881516
4408,0.881516
4418,0.881516
4428,0.881516
4438,0.881516
4448,0.881516
4458,0.881516
4468,0.881516
4546,0.881516
4556,0.881516
4566,0.881516
4576,0.881516
4586,0.881516
4596,0.881516
4606,0.881516
4616,0.881516
4626,0.881516
4636,0.881516
4714,0.881516
4724,0.881516
4734,0.881516
4744,0.881516
4754,0.881516
4764,0.881516
4774,0.881516
4784,0.881516
4794,0.881516
4804,0.881516
4882,0.881516
4892,0.881516
4902,0.881516
4912,0.881516
4922,0.881516
4932,0.881516
4942,0.881516
4952,0.881516
4962,0.881516
4972,0.881516
5050,0.881516
5060,0.881516
5070,0.881516
5080,0.881516
5090,0.881516
5100,0.881516
5110,0.881516
5120,0.881516
5130,0.881516
5140,0.881516
5218,0.881516
5228,0.881516
5238,0.881516
5248,0.881516
5258,0.881516
5268,0.881516
5278,0.881516
5288,0.881516
5298,0.881516
5308,0.881516
5386,0.881516
5396,0.881516
5406,0.881516
5416,0.881516
5426,0.881516
5436,0.881516
5446,0.881516
5456,0.881516
5466,0.881516
5476,0.881516
5554,0.881516
5564,0.881516
5574,0.881516
5584,0.881516
5594,0.881516
5604,0.881516
5614,0.881516
5624,0.881516
5634,0.881516
5644,0.881516
5722,0.881516
5732,0.881516
5742,0.881516
5752,0.881516
5762,0.881516
5772,0.881516
5782,0.881516
5792,0.881516
5802,0.881516
5812,0.881516
5890,0.881516
5900,0.881516
5910,0.881516
5920,0.881516
5930,0.881516
5940,0.881516
5950,0.881516
5960,0.881516
5970,0.881516
5980,0.881516
6058,0.881516
6068,0.881516
6078,0.881516
6088,0.881516
6098,0.881516
6108,0.881516
6118,0.881516
6128,0.881516
6138,0.881516
6148,0.881516
6226,0.881516
6236,0.881516
6246,0.881516
6256,0.881516
6266,0.881516
6276,0.881516
6286,0.881516
6296,0.881516
6306,0.881516
6316,0.881516
6394,0.881516
6404,0.881516
6414,0.881516
6424,0.881516
6434,0.881516
6444,0.881516
6454,0.881516
6464,0.881516
6474,0.881516
6484,0.881516
6562,0.881516
6572,0.881516
6582,0.881516
6592,0.881516
6602,0.881516
6612,0.881516
6622,0.881516
6632,0.881516
6642,0.881516
6652,0.881516
6730,0.881516
6740,0.881516
6750,0.881516
6760,0.881516
6770,0.881516
6780,0.881516
6790,0.881516
6800,0.881516
6810,0.881516
6820,0.881516
6898,0.881516
6908,0.881516
6918,0.881516
6928,0.881516
6938,0.881516
6948,0.881516
6958,0.881516
6968,0.881516
6978,0.881516
6988,0.881516
7066,0.881516
7076,0.881516
7086,0.881516
7096,0.881516
7106,0.881516
7116,0.881516
7126,0.881516
7136,0.881516
7146,0.881516
7156,0.881516
7234,0.881516
7244,0.881516
7254,0.881516
7264,0.881516
7274,0.881516
7284,0.881516
7294,0.881516
7304,0.881516
7314,0.881516
7324,0.881516
7402,0.881516
7412,0.881516
7422,0.881516
7432,0.881516
7442,0.881516
7452,0.881516
7462,0.881516
7472,0.881516
7482,0.881516
7492,0.881516
7570,0.881516
7580,0.881516
7590,0.881516
7600,0.881516
7610,0.881516
7620,0.881516
7630,0.881516
7640,0.881516
7650,0.881516
7660,0.881516
7738,0.881516
7748,0.881516
7758,0.881516
7768,0.881516
7778,0.881516
7788,0.881516
7798,0.881516
7808,0.881516
7818,0.881516
7828,0.881516
7906,0.881516
7916,0.881516
7926,0.881516
7936,0.881516
7946,0.881516
7956,0.881516
7966,0.881516
7976,0.881516
7986,0.881516
7996,0.881516
8074,0.881516
8084,0.881516
8094,0.881516
8104,0.881516
8114,0.881516
8124,0.881516
8134,0.881516
8144,0.881516
8154,0.881516
8164,0.881516
8242,0.881516
8252,0.881516
8262,0.881516
8272,0.881516
8282,0.881516
8292,0.881516
8302,0.881516
8312,0.881516
8322,0.881516
8332,0.881516
8410,0.881516
8420,0.881516
8430,0.881516
8440,0.881516
8450,0.881516
8460,0.881516
8470,0.881516
8480,0.881516
8490,0.881516
8500,0.881516
8578,0.881516
8588,0.881516
8598,0.881516
8608,0.881516
8618,0.881516
8628,0.881516
8638,0.881516
8648,0.881516
8658,0.881516
8668,0.881516
8746,0.881516
8756,0.881516
8766,0.881516
8776,0.881516
8786,0.881516
8796,0.881516
8806,0.881516
8816,0.881516
8826,0.881516
8836,0.881516
8914,0.881516
8924,0.881516
8934,0.881516
8944,0.881516
8954,0.881516
8964,0.881516
8974,0.881516
8984,0.881516
8994,0.881516
9004,0.881516
9082,0.881516
9092,0.881516
9102,0.881516
9112,0.881516
9122,0.881516
9132,0.881516
9142,0.881516
9152,0.881516
9162,0.881516
9172,0.881516
9250,0.881516
9260,0.881516
9270,0.881516
9280,0.881516
9290,0.881516
9300,0.881516
9310,0.881516
9320,0.881516
9330,0.881516
9340,0.881516
9418,0.881516
9428,0.881516
9438,0.881516
9448,0.881516
9458,0.881516
9468,0.881516
9478,0.881516
9488,0.881516
9498,0.881516
9508,0.881516
9586,0.881516
9596,0.881516
9606,0.881516
9616,0.881516
9626,0.881516
9636,0.881516
9646,0.881516
9656,0.881516
9666,0.881516
9676,0.881516
9754,0.881516
9764,0.881516
9774,0.881516
9784,0.881516
9794,0.881516
9804,0.881516
9814,0.881516
9824,0.881516
9834,0.881516
9844,0.881516
9922,0.881516
9932,0.881516
9942,0.881516
9952,0.881516
9962,0.881516
9972,0.881516
9982,0.881516
9992,0.881516
10002,0.881516
10012,0.881516
10090,0.881516
10100,0.881516
10110,0.881516
10120,0.881516
10130,0.881516
10140,0.881516
10150,0.881516
10160,0.881516
10170,0.881516
10180,0.881516
10258,0.881516
10268,0.881516
10278,0.881516
10288,0.881516
10298,0.881516
10308,0.881516
10318,0.881516
10328,0.881516
10338,0.881516
10348,0.881516
10426,0.881516
10436,0.881516
10446,0.881516
10456,0.881516
10466,0.881516
10476,0.881516
10486,0.881516
10496,0.881516
10506,0.881516
10516,0.881516
10594,0.881516
10604,0.881516
10614,0.881516
10624,0.881516
10634,0.881516
10644,0.881516
10654,0.881516
10664,0.881516
10674,0.881516
10684,0.881516
10762,0.881516
10772,0.881516
10782,0.881516
10792,0.881516
10802,0.881516
10812,0.881516
10822,0.881516
10832,0.881516
10842,0.881516
10852,0.881516
10930,0.881516
10940,0.881516
10950,0.881516
10960,0.881516
10970,0.881516
10980,0.881516
10990,0.881516
11000,0.881516
11010,0.881516
11020,0.881516
11098,0.881516
11108,0.881516
11118,0.881516
11128,0.881516
11138,0.881516
11148,0.881516
11158,0.881516
11168,0.881516
11178,0.881516
11188,0.881516
11266,0.881516
11276,0.881516
11286,0.881516
11296,0.881516
11306,0.881516
11316,0.881516
11326,0.881516
11336,0.881516
11346,0.881516
11356,0.881516
11434,0.881516
11444,0.881516
11454,0.881516
11464,0.881516
11474,0.881516
11484,0.881516
11494,0.881516
11504,0.881516
11514,0.881516
11524,0.881516
11602,0.881516
11612,0.881516
11622,0.881516
11632,0.881516
11642,0.881516
11652,0.881516
11662,0.881516
11672,0.881516
11682,0.881516
11692,0.881516
11770,0.881516
11780,0.881516
11790,0.881516
11800,0.881516
11810,0.881516
11820,0.881516
11830,0.881516
11840,0.881516
11850,0.881516
11860,0.881516
11938,0.881516
11948,0.881516
11958,0.881516
11968,0.881516
11978,0.881516
11988,0.881516
11998,0.881516
12008,0.881516
12018,0.881516
12028,0.881516
12106,0.881516
12116,0.881516
12126,0.881516
12136,0.883295
12146,0.883295
12156,0.883295
12166,0.883295
12176,0.883295
12186,0.883295
12196,0.883295
12274,0.883295
12284,0.883295
12294,0.883295
12304,0.883295
12314,0.883295
12324,0.883295
12334,0.883295
12344,0.883295
12354,0.883295
12364,0.883295
12442,0.883295
12452,0.883295
12462,0.883295
12472,0.883295
12482,0.883295
12492,0.883295
12502,0.883295
12512,0.883295
12522,0.883295
12532,0.883295
12610,0.883295
12620,0.883295
12630,0.883295
12640,0.883295
12650,0.883295
12660,0.883295
12670,0.883295
12680,0.883295
12690,0.883295
12700,0.883295
12778,0.883295
12788,0.883295
12798,0.883295
12808,0.883295
12818,0.883295
12828,0.883295
12838,0.883295
12848,0.883295
12858,0.883295
12868,0.883295
12946,0.883295
12956,0.883295
12966,0.883295
12976,0.883295
12986,0.883295
12996,0.883295
13006,0.883295
13016,0.883295
13026,0.883295
13036,0.883295
13114,0.883295
13124,0.883295
13134,0.883295
13144,0.883295
13154,0.883295
13164,0.883295
13174,0.883295
13184,0.883295
13194,0.883295
13204,0.883295
13282,0.883295
13292,0.883295
13302,0.883295
13312,0.883295
13322,0.883295
13332,0.883295
13342,0.883295
13352,0.883295
13362,0.883295
13372,0.883295
13450,0.883295
13460,0.883295
13470,0.883295
13480,0.883295
13490,0.883295
13500,0.883295
13510,0.883295
13520,0.883295
13530,0.883295
13540,0.883295
13618,0.883295
13628,0.883295
13638,0.883295
13648,0.883295
13658,0.883295
13668,0.883295
13678,0.883295
13688,0.883295
13698,0.883295
13708,0.883295
13786,0.883295
13796,0.883295
13806,0.883295
13816,0.883295
13826,0.883295
13836,0.883295
13846,0.883295
13856,0.883295
13866,0.883295
13876,0.883295
13954,0.883295
13964,0.883295
13974,0.883295
13984,0.883295
13994,0.883295
14004,0.883295
14014,0.883295
14024,0.883295
14034,0.883295
14044,0.883295
14122,0.883295
14132,0.883295
14142,0.883295
14152,0.883295
14162,0.883295
14172,0.883295
14182,0.883295
14192,0.883295
14202,0.883295
14212,0.883295
14290,0.883295
14300,0.883295
14310,0.883295
14320,0.883295
14330,0.883295
14340,0.883295
14350,0.883295
14360,0.883295
14370,0.883295
14380,0.883295
14458,0.883295
14468,0.883295
14478,0.883295
14488,0.883295
14498,0.883295
14508,0.883295
14518,0.883295
14528,0.883295
14538,0.883295
14548,0.883295
14626,0.883295
14636,0.883295
14646,0.883295
14656,0.883295
14666,0.883295
14676,0.883295
14686,0.883295
14696,0.883295
14706,0.883295
14716,0.883295
14794,0.883295
14804,0.883295
14814,0.883295
14824,0.883295
14834,0.883295
14844,0.883295
14854,0.883295
14864,0.883295
14874,0.883295
14884,0.883295
14962,0.883295
14972,0.883295
14982,0.883295
14992,0.883295
15002,0.883295
