30,0.469118
60,0.483824
90,0.503887
120,0.511029
150,0.529727
180,0.564496
210,0.564496
240,0.572059
270,0.58813
300,0.604622
330,0.612185
360,0.612185
390,0.621534
420,0.626891
450,0.628676
480,0.638025
510,0.638025
540,0.643382
570,0.652731
600,0.652731
630,0.658088
660,0.658088
690,0.658088
720,0.66166
750,0.66166
780,0.66166
810,0.66166
840,0.66166
870,0.66166
900,0.66166
930,0.66166
960,0.665231
990,0.665231
1020,0.667017
1050,0.667017
1080,0.667017
1110,0.667017
1140,0.685714
1170,0.685714
1200,0.6875
1230,0.689286
1260,0.701786
1290,0.720063
1320,0.720063
1350,0.720063
1380,0.731197
1410,0.731197
1440,0.731197
1470,0.731197
1500,0.731197
1530,0.734769
1560,0.736555
1590,0.765966
1620,0.765966
1650,0.765966
1680,0.765966
1710,0.765966
1740,0.765966
1770,0.765966
1800,0.765966
1830,0.765966
1860,0.765966
1890,0.765966
1920,0.765966
1950,0.765966
1980,0.765966
2010,0.765966
2040,0.777101
2070,0.777101
2100,0.777101
2130,0.777101
2160,0.777101
2190,0.777101
2220,0.777101
2250,0.777101
2280,0.777101
2310,0.782878
2340,0.782878
2370,0.782878
2400,0.782878
2430,0.782878
2460,0.782878
2490,0.782878
2520,0.782878
2550,0.784664
2580,0.784664
2610,0.784664
2640,0.784664
2670,0.784664
2700,0.784664
2730,0.784664
2760,0.784664
2790,0.784664
2820,0.784664
2850,0.784664
2880,0.784664
2910,0.784664
2940,0.78645
2970,0.78645
3000,0.78645
3030,0.78645
3060,0.78645
3090,0.78645
3120,0.78645
3150,0.78645
3180,0.793592
3210,0.793592
3240,0.793592
3270,0.793592
3300,0.793592
3330,0.815861
3360,0.815861
3390,0.815861
3420,0.815861
3450,0.815861
3480,0.815861
3510,0.815861
3540,0.821218
3570,0.821218
3600,0.821218
3630,0.821218
3660,0.823004
3690,0.823004
3720,0.823004
3750,0.823004
3780,0.823004
3810,0.823004
3840,0.823004
3870,0.823004
3900,0.823004
3930,0.82479
3960,0.82479
3990,0.82479
4020,0.828781
4050,0.830567
4080,0.832353
4110,0.832353
4140,0.832353
4170,0.832353
4200,0.832353
4230,0.832353
4260,0.832353
4290,0.832353
4320,0.832353
4350,0.832353
4380,0.832353
4410,0.832353
4440,0.832353
4470,0.832353
4500,0.832353
4530,0.832353
4560,0.832353
4590,0.832353
4620,0.832353
4650,0.832353
4680,0.832353
4710,0.832353
4740,0.832353
4770,0.832353
4800,0.832353
4830,0.832353
4860,0.834139
4890,0.834139
4920,0.834139
4950,0.834139
4980,0.834139
5010,0.834139
5040,0.834139
5070,0.834139
5100,0.834139
5130,0.834139
5160,0.834139
5190,0.834139
5220,0.834139
5250,0.834139
5280,0.834139
5310,0.834139
5340,0.834139
5370,0.834139
5400,0.834139
5430,0.834139
5460,0.834139
5490,0.834139
5520,0.834139
5550,0.834139
5580,0.834139
5610,0.834139
5640,0.834139
5670,0.834559
5700,0.834559
5730,0.834559
5760,0.834559
5790,0.834559
5820,0.834559
5850,0.834559
5880,0.834559
5910,0.845273
5940,0.845273
5970,0.845273
6000,0.85105
6030,0.85105
6060,0.85105
6090,0.85105
6120,0.85105
6150,0.85105
6180,0.86355
6210,0.86355
6240,0.86355
6270,0.86355
6300,0.86355
6330,0.86355
6360,0.86355
6390,0.86355
6420,0.86355
6450,0.86355
6480,0.86355
6510,0.86355
6540,0.86355
6570,0.86355
6600,0.86355
6630,0.870693
6660,0.870693
6690,0.870693
6720,0.870693
6750,0.870693
6780,0.870693
6810,0.870693
6840,0.870693
6870,0.870693
6900,0.870693
6930,0.870693
6960,0.881828
6990,0.881828
7020,0.881828
7050,0.881828
7080,0.881828
7110,0.881828
7140,0.881828
7170,0.881828
7200,0.881828
7230,0.881828
7260,0.881828
7290,0.881828
7320,0.881828
7350,0.881828
7380,0.881828
7410,0.881828
7440,0.884034
7470,0.884034
7500,0.884034
7530,0.884034
7560,0.884034
7590,0.884034
7620,0.884034
7650,0.884034
7680,0.884034
7710,0.884034
7740,0.885819
7770,0.885819
7800,0.891597
7830,0.891597
7860,0.891597
7890,0.896534
7920,0.896534
7950,0.896534
7980,0.896534
8010,0.896534
8040,0.896534
8070,0.896534
8100,0.896534
8130,0.896534
8160,0.896534
8190,0.896534
8220,0.896534
8250,0.896534
8280,0.896534
8310,0.896534
8340,0.896534
8370,0.896534
8400,0.896534
8430,0.896534
8460,0.896534
8490,0.896534
8520,0.896534
8550,0.896534
8580,0.896534
8610,0.896534
8640,0.896534
8670,0.896534
8700,0.896534
8730,0.896534
8760,0.896534
8790,0.896534
8820,0.896534
8850,0.898319
8880,0.898319
8910,0.898319
8940,0.898319
8970,0.898319
9000,0.898319
9030,0.898319
9060,0.898319
9090,0.898319
9120,0.898319
9150,0.898319
9180,0.898319
9210,0.898319
9240,0.898319
9270,0.898319
9300,0.898319
9330,0.898319
9360,0.898319
9390,0.898319
9420,0.898319
9450,0.898319
9480,0.898319
9510,0.898319
9540,0.898319
9570,0.898319
9600,0.898319
9630,0.898319
9660,0.898319
9690,0.898319
9720,0.898319
9750,0.898319
9780,0.898319
9810,0.898319
9840,0.898319
9870,0.898319
9900,0.898319
9930,0.898319
9960,0.898319
9990,0.898319
10020,0.898319
10050,0.898319
10080,0.898319
10110,0.898319
10140,0.898319
10170,0.898319
10200,0.898319
10230,0.898319
10260,0.898319
10290,0.898319
10320,0.898319
10350,0.898319
10380,0.898319
10410,0.898319
10440,0.898319
10470,0.898319
10500,0.898319
10530,0.898319
10560,0.898319
10590,0.898319
10620,0.898319
10650,0.898319
10680,0.898319
10710,0.898319
10740,0.898319
10770,0.898319
10800,0.898319
10830,0.898319
10860,0.898319
10890,0.898319
10920,0.898319
10950,0.898319
10980,0.898319
11010,0.898319
11040,0.898319
11070,0.898319
11100,0.898319
11130,0.898319
11160,0.898319
11190,0.898319
11220,0.898319
11250,0.898319
11280,0.898319
11310,0.898319
11340,0.898319
11370,0.898319
11400,0.898319
11430,0.898319
11460,0.898319
11490,0.898319
11520,0.898319
11550,0.898319
11580,0.898319
11610,0.898319
11640,0.898319
11670,0.898319
11700,0.898319
11730,0.898319
11760,0.898319
11790,0.898319
11820,0.898319
11850,0.898319
11880,0.898319
11910,0.898319
11940,0.898319
11970,0.898319
12000,0.898319
12030,0.898319
12060,0.898319
12090,0.898319
12120,0.898319
12150,0.898319
12180,0.898319
12210,0.898319
12240,0.898319
12270,0.898319
12300,0.898319
12330,0.898319
12360,0.898319
12390,0.898319
12420,0.898319
12450,0.898319
12480,0.898319
12510,0.898319
12540,0.898319
12570,0.898319
12600,0.898319
12630,0.898319
12660,0.898319
12690,0.898319
12720,0.898319
12750,0.898319
12780,0.898319
12810,0.898319
12840,0.898319
12870,0.898319
12900,0.898319
12930,0.898319
12960,0.898319
12990,0.900105
13020,0.900105
13050,0.900105
13080,0.900105
13110,0.900105
13140,0.900105
13170,0.900105
13200,0.900105
13230,0.900105
13260,0.900105
13290,0.900105
13320,0.900105
13350,0.900105
13380,0.900105
13410,0.900105
13440,0.900105
13470,0.900105
13500,0.900105
13530,0.900105
13560,0.900105
13590,0.900105
13620,0.900105
13650,0.900105
13680,0.900105
13710,0.900105
13740,0.900105
13770,0.900105
13800,0.900105
13830,0.900105
13860,0.900105
13890,0.900105
13920,0.900105
13950,0.900105
13980,0.900105
14010,0.900105
14040,0.900105
14070,0.900105
14100,0.900105
14130,0.900105
14160,0.900105
14190,0.900105
14220,0.900105
14250,0.900105
14280,0.900105
14310,0.900105
14340,0.900105
14370,0.900105
14400,0.900105
14430,0.900105
14460,0.900105
14490,0.900105
14520,0.900105
14550,0.900105
14580,0.900105
14610,0.900105
14640,0.900105
14670,0.900105
14700,0.900105
14730,0.900105
14760,0.900105
14790,0.900105
14820,0.900105
14850,0.900105
14880,0.900105
14910,0.900105
14940,0.900105
14970,0.900105
15000,0.900105
