30,0.532925
60,0.558858
90,0.58479
120,0.601107
150,0.613928
180,0.613928
210,0.613928
240,0.636655
270,0.636655
300,0.652972
330,0.669289
360,0.669289
390,0.672494
420,0.672494
450,0.695221
480,0.695221
510,0.695221
540,0.698427
570,0.698427
600,0.698427
630,0.698427
660,0.698427
690,0.701632
720,0.721154
750,0.721154
780,0.721154
810,0.721154
840,0.721154
870,0.731061
900,0.731061
930,0.731061
960,0.760198
990,0.782925
1020,0.782925
1050,0.782925
1080,0.782925
1110,0.786131
1140,0.786131
1170,0.786131
1200,0.786131
1230,0.786131
1260,0.805653
1290,0.805653
1320,0.805653
1350,0.805653
1380,0.805653
1410,0.805653
1440,0.805653
1470,0.808858
1500,0.808858
1530,0.808858
1560,0.812063
1590,0.815268
1620,0.82838
1650,0.82838
1680,0.82838
1710,0.82838
1740,0.82838
1770,0.831585
1800,0.831585
1830,0.831585
1860,0.831585
1890,0.831585
1920,0.831585
1950,0.831585
1980,0.831585
2010,0.83479
2040,0.83479
2070,0.83479
2100,0.83479
2130,0.83479
2160,0.83479
2190,0.83479
2220,0.83479
2250,0.83479
2280,0.83479
2310,0.83479
2340,0.83479
2370,0.83479
2400,0.83479
2430,0.83479
2460,0.83479
2490,0.83479
2520,0.83479
2550,0.83479
2580,0.83479
2610,0.83479
2640,0.854312
2670,0.854312
2700,0.854312
2730,0.860723
2760,0.860723
2790,0.860723
2820,0.860723
2850,0.860723
2880,0.860723
2910,0.860723
2940,0.860723
2970,0.860723
3000,0.860723
3030,0.860723
3060,0.860723
3090,0.860723
3120,0.860723
3150,0.860723
3180,0.860723
3210,0.860723
3240,0.860723
3270,0.860723
3300,0.860723
3330,0.860723
3360,0.860723
3390,0.860723
3420,0.860723
3450,0.860723
3480,0.860723
3510,0.860723
3540,0.860723
3570,0.860723
3600,0.860723
3630,0.860723
3660,0.860723
3690,0.860723
3720,0.860723
3750,0.860723
3780,0.860723
3810,0.860723
3840,0.860723
3870,0.860723
3900,0.860723
3930,0.860723
3960,0.860723
3990,0.860723
4020,0.860723
4050,0.860723
4080,0.860723
4110,0.860723
4140,0.860723
4170,0.860723
4200,0.860723
4230,0.860723
4260,0.860723
4290,0.860723
4320,0.860723
4350,0.860723
4380,0.860723
4410,0.860723
4440,0.860723
4470,0.860723
4500,0.860723
4530,0.860723
4560,0.860723
4590,0.860723
4620,0.860723
4650,0.860723
4680,0.860723
4710,0.860723
4740,0.860723
4770,0.860723
4800,0.860723
4830,0.860723
4860,0.860723
4890,0.863928
4920,0.863928
4950,0.863928
4980,0.863928
5010,0.863928
5040,0.863928
5070,0.863928
5100,0.863928
5130,0.863928
5160,0.863928
5190,0.863928
5220,0.863928
5250,0.863928
5280,0.863928
5310,0.863928
5340,0.863928
5370,0.863928
5400,0.863928
5430,0.863928
5460,0.863928
5490,0.863928
5520,0.863928
5550,0.863928
5580,0.863928
5610,0.863928
5640,0.863928
5670,0.863928
5700,0.87704
5730,0.87704
5760,0.880245
5790,0.880536
5820,0.880536
5850,0.880536
5880,0.880536
5910,0.880536
5940,0.880536
5970,0.880536
6000,0.880536
6030,0.880536
6060,0.883741
6090,0.883741
6120,0.883741
6150,0.883741
6180,0.883741
6210,0.883741
6240,0.883741
6270,0.883741
6300,0.883741
6330,0.883741
6360,0.883741
6390,0.883741
6420,0.883741
6450,0.883741
6480,0.883741
6510,0.883741
6540,0.883741
6570,0.883741
6600,0.883741
6630,0.886946
6660,0.886946
6690,0.886946
6720,0.886946
6750,0.886946
6780,0.886946
6810,0.886946
6840,0.890152
6870,0.890152
6900,0.890152
6930,0.890152
6960,0.890152
6990,0.890152
7020,0.890152
7050,0.890152
7080,0.890152
7110,0.890152
7140,0.890152
7170,0.890152
7200,0.890152
7230,0.890152
7260,0.890152
7290,0.890152
7320,0.890152
7350,0.890152
7380,0.890152
7410,0.893357
7440,0.893357
7470,0.893357
7500,0.893357
7530,0.893357
7560,0.893357
7590,0.893357
7620,0.893357
7650,0.893357
7680,0.893357
7710,0.893357
7740,0.893357
7770,0.893357
7800,0.893357
7830,0.893357
7860,0.893357
7890,0.893357
7920,0.893357
7950,0.893357
7980,0.893357
8010,0.893357
8040,0.893357
8070,0.893357
8100,0.893357
8130,0.893357
8160,0.893357
8190,0.893357
8220,0.893357
8250,0.893357
8280,0.893357
8310,0.893357
8340,0.893357
8370,0.893357
8400,0.893357
8430,0.893357
8460,0.893357
8490,0.893357
8520,0.893357
8550,0.893357
8580,0.893357
8610,0.893357
8640,0.893357
8670,0.893357
8700,0.893357
8730,0.893357
8760,0.893357
8790,0.893357
8820,0.893357
8850,0.893357
8880,0.893357
8910,0.893357
8940,0.893357
8970,0.893357
9000,0.893357
9030,0.893357
9060,0.893357
9090,0.893357
9120,0.893357
9150,0.893357
9180,0.893357
9210,0.893357
9240,0.893357
9270,0.893357
9300,0.893357
9330,0.893357
9360,0.893357
9390,0.893357
9420,0.893357
9450,0.893357
9480,0.893357
9510,0.893357
9540,0.893357
9570,0.893357
9600,0.893357
9630,0.896562
9660,0.896562
9690,0.896562
9720,0.896562
9750,0.896562
9780,0.896562
9810,0.896562
9840,0.896562
9870,0.896562
9900,0.896562
9930,0.896562
9960,0.896562
9990,0.896562
10020,0.896562
10050,0.896562
10080,0.896562
10110,0.896562
10140,0.896562
10170,0.896562
10200,0.896562
10230,0.896562
10260,0.896562
10290,0.896562
10320,0.896562
10350,0.896562
10380,0.896562
10410,0.896562
10440,0.896562
10470,0.896562
10500,0.896562
10530,0.896562
10560,0.896562
10590,0.896562
10620,0.896562
10650,0.896562
10680,0.896562
10710,0.896562
10740,0.896562
10770,0.896562
10800,0.896562
10830,0.896562
10860,0.896562
10890,0.896562
10920,0.896562
10950,0.896562
10980,0.896562
11010,0.896562
11040,0.896562
11070,0.896562
11100,0.896562
11130,0.896562
11160,0.896562
11190,0.896562
11220,0.896562
11250,0.896562
11280,0.896562
11310,0.896562
11340,0.896562
11370,0.896562
11400,0.896562
11430,0.896562
11460,0.896562
11490,0.896562
11520,0.896562
11550,0.896562
11580,0.896562
11610,0.896562
11640,0.896562
11670,0.896562
11700,0.896562
11730,0.896562
11760,0.896562
11790,0.896562
11820,0.896562
11850,0.896562
11880,0.896562
11910,0.896562
11940,0.896562
11970,0.896562
12000,0.896562
12030,0.896562
12060,0.896562
12090,0.896562
12120,0.896562
12150,0.896562
12180,0.896562
12210,0.896562
12240,0.896562
12270,0.896562
12300,0.896562
12330,0.896562
12360,0.896562
12390,0.896562
12420,0.896562
12450,0.896562
12480,0.896562
12510,0.896562
12540,0.896562
12570,0.896562
12600,0.896562
12630,0.896562
12660,0.896562
12690,0.896562
12720,0.896562
12750,0.896562
12780,0.896562
12810,0.896562
12840,0.896562
12870,0.896562
12900,0.896562
12930,0.896562
12960,0.896562
12990,0.896562
13020,0.896562
13050,0.896562
13080,0.896562
13110,0.896562
13140,0.896562
13170,0.896562
13200,0.896562
13230,0.896562
13260,0.896562
13290,0.896562
13320,0.896562
13350,0.896562
13380,0.896562
13410,0.896562
13440,0.896562
13470,0.896562
13500,0.896562
13530,0.896562
13560,0.896562
13590,0.896562
13620,0.896562
13650,0.896562
13680,0.896562
13710,0.896562
13740,0.896562
13770,0.896562
13800,0.896562
13830,0.896562
13860,0.896562
13890,0.896562
13920,0.896562
13950,0.896562
13980,0.896562
14010,0.896562
14040,0.896562
14070,0.896562
14100,0.896562
14130,0.896562
14160,0.896562
14190,0.896562
14220,0.896562
14250,0.896562
14280,0.896562
14310,0.896562
14340,0.896562
14370,0.896562
14400,0.896562
14430,0.896562
14460,0.896562
14490,0.896562
14520,0.896562
14550,0.896562
14580,0.896562
14610,0.896562
14640,0.896562
14670,0.896562
14700,0.896562
14730,0.896562
14760,0.896562
14790,0.896562
14820,0.896562
14850,0.896562
14880,0.896562
14910,0.896562
14940,0.896562
14970,0.896562
15000,0.896562
