10,0.52972
20,0.536131
30,0.558858
40,0.558858
50,0.575175
60,0.58479
70,0.58479
80,0.594697
90,0.597902
100,0.601107
154,0.695221
164,0.698427
174,0.698427
184,0.698427
194,0.698427
204,0.698427
214,0.698427
224,0.714744
234,0.717949
244,0.731061
298,0.753788
308,0.753788
318,0.77972
328,0.77972
338,0.77972
348,0.77972
358,0.782925
368,0.782925
378,0.782925
388,0.799242
442,0.799242
452,0.799242
462,0.799242
472,0.799242
482,0.802448
492,0.802448
502,0.802448
512,0.802448
522,0.802448
532,0.802448
586,0.815559
596,0.815559
606,0.815559
616,0.815559
626,0.815559
636,0.815559
646,0.815559
656,0.815559
666,0.815559
676,0.815559
730,0.82197
740,0.82197
750,0.82197
760,0.82197
770,0.82197
780,0.82197
790,0.82197
800,0.82197
810,0.82197
820,0.825175
874,0.825175
884,0.825175
894,0.82838
904,0.82838
914,0.82838
924,0.82838
934,0.82838
944,0.82838
954,0.82838
964,0.82838
1018,0.841492
1028,0.841492
1038,0.841492
1048,0.841492
1058,0.841492
1068,0.841492
1078,0.841492
1088,0.841492
1098,0.841492
1108,0.841492
1162,0.841492
1172,0.841492
1182,0.841492
1192,0.841492
1202,0.841492
1212,0.841492
1222,0.841492
1232,0.841492
1242,0.841492
1252,0.841492
1306,0.844697
1316,0.844697
1326,0.844697
1336,0.844697
1346,0.844697
1356,0.844697
1366,0.844697
1376,0.844988
1386,0.848193
1396,0.848193
1450,0.851399
1460,0.851399
1470,0.851399
1480,0.851399
1490,0.851399
1500,0.851399
1510,0.851399
1520,0.851399
1530,0.851399
1540,0.851399
1594,0.851399
1604,0.851399
1614,0.851399
1624,0.851399
1634,0.851399
1644,0.851399
1654,0.851399
1664,0.851399
1674,0.851399
1684,0.851399
1738,0.854604
1748,0.854604
1758,0.854604
1768,0.867716
1778,0.867716
1788,0.867716
1798,0.867716
1808,0.867716
1818,0.867716
1828,0.867716
1882,0.893648
1892,0.893648
1902,0.893648
1912,0.896853
1922,0.896853
1932,0.896853
1942,0.896853
1952,0.896853
1962,0.896853
1972,0.896853
2026,0.896853
2036,0.896853
2046,0.896853
2056,0.896853
2066,0.896853
2076,0.896853
2086,0.896853
2096,0.896853
2106,0.896853
2116,0.896853
2170,0.896853
2180,0.896853
2190,0.896853
2200,0.896853
2210,0.896853
2220,0.896853
2230,0.896853
2240,0.896853
2250,0.896853
2260,0.896853
2314,0.896853
2324,0.896853
2334,0.896853
2344,0.896853
2354,0.896853
2364,0.896853
2374,0.896853
2384,0.896853
2394,0.896853
2404,0.896853
2458,0.896853
2468,0.896853
2478,0.896853
2488,0.896853
2498,0.896853
2508,0.896853
2518,0.896853
2528,0.896853
2538,0.896853
2548,0.896853
2602,0.896853
2612,0.896853
2622,0.896853
2632,0.896853
2642,0.896853
2652,0.896853
2662,0.896853
2672,0.900058
2682,0.900058
2692,0.900058
2746,0.900058
2756,0.900058
2766,0.906469
2776,0.906469
2786,0.906469
2796,0.906469
2806,0.906469
2816,0.906469
2826,0.906469
2836,0.906469
2890,0.906469
2900,0.906469
2910,0.906469
2920,0.906469
2930,0.906469
2940,0.906469
2950,0.906469
2960,0.906469
2970,0.906469
2980,0.906469
3034,0.906469
3044,0.906469
3054,0.906469
3064,0.906469
3074,0.912879
3084,0.912879
3094,0.912879
3104,0.912879
3114,0.912879
3124,0.912879
3178,0.912879
3188,0.912879
3198,0.912879
3208,0.912879
3218,0.912879
3228,0.912879
3238,0.912879
3248,0.912879
3258,0.912879
3268,0.912879
3322,0.912879
3332,0.912879
3342,0.912879
3352,0.912879
3362,0.912879
3372,0.912879
3382,0.912879
3392,0.912879
3402,0.912879
3412,0.912879
3466,0.912879
3476,0.912879
3486,0.912879
3496,0.912879
3506,0.912879
3516,0.912879
3526,0.912879
3536,0.912879
3546,0.912879
3556,0.912879
3610,0.912879
3620,0.912879
3630,0.912879
3640,0.912879
3650,0.912879
3660,0.912879
3670,0.912879
3680,0.912879
3690,0.912879
3700,0.912879
3754,0.912879
3764,0.912879
3774,0.912879
3784,0.912879
3794,0.912879
3804,0.912879
3814,0.912879
3824,0.912879
3834,0.912879
3844,0.912879
3898,0.912879
3908,0.912879
3918,0.912879
3928,0.912879
3938,0.912879
3948,0.912879
3958,0.912879
3968,0.912879
3978,0.912879
3988,0.912879
4042,0.912879
4052,0.912879
4062,0.912879
4072,0.912879
4082,0.912879
4092,0.912879
4102,0.912879
4112,0.912879
4122,0.912879
4132,0.912879
4186,0.912879
4196,0.912879
4206,0.912879
4216,0.912879
4226,0.912879
4236,0.912879
4246,0.912879
4256,0.912879
4266,0.912879
4276,0.912879
4330,0.912879
4340,0.912879
4350,0.912879
4360,0.912879
4370,0.912879
4380,0.912879
4390,0.912879
4400,0.912879
4410,0.912879
4420,0.912879
4474,0.912879
4484,0.912879
4494,0.912879
4504,0.912879
4514,0.912879
4524,0.912879
4534,0.912879
4544,0.912879
4554,0.912879
4564,0.912879
4618,0.912879
4628,0.912879
4638,0.912879
4648,0.912879
4658,0.912879
4668,0.912879
4678,0.912879
4688,0.912879
4698,0.912879
4708,0.912879
4762,0.912879
4772,0.912879
4782,0.912879
4792,0.912879
4802,0.912879
4812,0.912879
4822,0.912879
4832,0.912879
4842,0.912879
4852,0.912879
4906,0.912879
4916,0.912879
4926,0.912879
4936,0.912879
4946,0.912879
4956,0.912879
4966,0.912879
4976,0.912879
4986,0.912879
4996,0.912879
5050,0.912879
5060,0.912879
5070,0.912879
5080,0.912879
5090,0.912879
5100,0.912879
5110,0.912879
5120,0.912879
5130,0.912879
5140,0.912879
5194,0.912879
5204,0.912879
5214,0.912879
5224,0.912879
5234,0.912879
5244,0.912879
5254,0.912879
5264,0.912879
5274,0.912879
5284,0.912879
5338,0.912879
5348,0.912879
5358,0.912879
5368,0.912879
5378,0.912879
5388,0.912879
5398,0.912879
5408,0.912879
5418,0.912879
5428,0.912879
5482,0.912879
5492,0.912879
5502,0.912879
5512,0.912879
5522,0.912879
5532,0.912879
5542,0.912879
5552,0.912879
5562,0.912879
5572,0.912879
5626,0.912879
5636,0.912879
5646,0.912879
5656,0.912879
5666,0.912879
5676,0.912879
5686,0.912879
5696,0.912879
5706,0.912879
5716,0.912879
5770,0.912879
5780,0.912879
5790,0.912879
5800,0.912879
5810,0.912879
5820,0.912879
5830,0.912879
5840,0.912879
5850,0.912879
5860,0.912879
5914,0.912879
5924,0.912879
5934,0.912879
5944,0.912879
5954,0.912879
5964,0.912879
5974,0.912879
5984,0.912879
5994,0.912879
6004,0.912879
6058,0.912879
6068,0.912879
6078,0.912879
6088,0.912879
6098,0.912879
6108,0.912879
6118,0.912879
6128,0.912879
6138,0.912879
6148,0.912879
6202,0.912879
6212,0.912879
6222,0.912879
6232,0.912879
6242,0.912879
6252,0.912879
6262,0.912879
6272,0.912879
6282,0.912879
6292,0.912879
6346,0.912879
6356,0.912879
6366,0.912879
6376,0.912879
6386,0.912879
6396,0.912879
6406,0.912879
6416,0.912879
6426,0.912879
6436,0.912879
6490,0.912879
6500,0.912879
6510,0.912879
6520,0.912879
6530,0.912879
6540,0.912879
6550,0.912879
6560,0.912879
6570,0.912879
6580,0.912879
6634,0.912879
6644,0.912879
6654,0.912879
6664,0.912879
6674,0.912879
6684,0.912879
6694,0.912879
6704,0.912879
6714,0.912879
6724,0.912879
6778,0.912879
6788,0.912879
6798,0.912879
6808,0.912879
6818,0.912879
6828,0.912879
6838,0.912879
6848,0.912879
6858,0.912879
6868,0.912879
6922,0.912879
6932,0.912879
6942,0.912879
6952,0.912879
6962,0.912879
6972,0.912879
6982,0.912879
6992,0.912879
7002,0.912879
7012,0.912879
7066,0.912879
7076,0.912879
7086,0.912879
7096,0.912879
7106,0.912879
7116,0.912879
7126,0.912879
7136,0.912879
7146,0.912879
7156,0.912879
7210,0.912879
7220,0.912879
7230,0.912879
7240,0.912879
7250,0.912879
7260,0.912879
7270,0.912879
7280,0.912879
7290,0.912879
7300,0.912879
7354,0.912879
7364,0.912879
7374,0.912879
7384,0.912879
7394,0.912879
7404,0.912879
7414,0.912879
7424,0.912879
7434,0.912879
7444,0.912879
7498,0.912879
7508,0.912879
7518,0.912879
7528,0.912879
7538,0.912879
7548,0.912879
7558,0.912879
7568,0.912879
7578,0.912879
7588,0.912879
7642,0.912879
7652,0.912879
7662,0.912879
7672,0.912879
7682,0.912879
7692,0.912879
7702,0.912879
7712,0.912879
7722,0.912879
7732,0.912879
7786,0.912879
7796,0.912879
7806,0.912879
7816,0.912879
7826,0.912879
7836,0.912879
7846,0.912879
7856,0.912879
7866,0.912879
7876,0.912879
7930,0.912879
7940,0.912879
7950,0.912879
7960,0.912879
7970,0.912879
7980,0.912879
7990,0.912879
8000,0.912879
8010,0.912879
8020,0.912879
8074,0.912879
8084,0.912879
8094,0.912879
8104,0.912879
8114,0.912879
8124,0.912879
8134,0.912879
8144,0.912879
8154,0.912879
8164,0.912879
8218,0.912879
8228,0.912879
8238,0.912879
8248,0.912879
8258,0.912879
8268,0.912879
8278,0.912879
8288,0.912879
8298,0.912879
8308,0.912879
8362,0.912879
8372,0.912879
8382,0.912879
8392,0.912879
8402,0.912879
8412,0.912879
8422,0.912879
8432,0.912879
8442,0.912879
8452,0.912879
8506,0.912879
8516,0.912879
8526,0.912879
8536,0.912879
8546,0.912879
8556,0.912879
8566,0.912879
8576,0.912879
8586,0.912879
8596,0.912879
8650,0.912879
8660,0.912879
8670,0.912879
8680,0.912879
8690,0.912879
8700,0.912879
8710,0.912879
8720,0.912879
8730,0.912879
8740,0.912879
8794,0.912879
8804,0.912879
8814,0.912879
8824,0.912879
8834,0.912879
8844,0.912879
8854,0.912879
8864,0.912879
8874,0.912879
8884,0.912879
8938,0.912879
8948,0.912879
8958,0.912879
8968,0.912879
8978,0.912879
8988,0.912879
8998,0.912879
9008,0.912879
9018,0.912879
9028,0.912879
9082,0.912879
9092,0.912879
9102,0.912879
9112,0.912879
9122,0.912879
9132,0.912879
9142,0.912879
9152,0.912879
9162,0.912879
9172,0.912879
9226,0.912879
9236,0.912879
9246,0.912879
9256,0.912879
9266,0.912879
9276,0.912879
9286,0.912879
9296,0.912879
9306,0.912879
9316,0.912879
9370,0.912879
9380,0.912879
9390,0.912879
9400,0.912879
9410,0.912879
9420,0.912879
9430,0.912879
9440,0.912879
9450,0.912879
9460,0.912879
9514,0.912879
9524,0.912879
9534,0.912879
9544,0.912879
9554,0.912879
9564,0.912879
9574,0.912879
9584,0.912879
9594,0.912879
9604,0.912879
9658,0.912879
9668,0.912879
9678,0.912879
9688,0.912879
9698,0.912879
9708,0.912879
9718,0.912879
9728,0.912879
9738,0.912879
9748,0.912879
9802,0.912879
9812,0.912879
9822,0.912879
9832,0.912879
9842,0.912879
9852,0.912879
9862,0.912879
9872,0.912879
9882,0.912879
9892,0.912879
9946,0.912879
9956,0.912879
9966,0.912879
9976,0.912879
9986,0.912879
9996,0.912879
10006,0.912879
10016,0.912879
10026,0.912879
10036,0.912879
10090,0.912879
10100,0.912879
10110,0.912879
10120,0.912879
10130,0.912879
10140,0.912879
10150,0.912879
10160,0.912879
10170,0.912879
10180,0.912879
10234,0.912879
10244,0.912879
10254,0.912879
10264,0.912879
10274,0.912879
10284,0.912879
10294,0.912879
10304,0.912879
10314,0.912879
10324,0.912879
10378,0.912879
10388,0.912879
10398,0.912879
10408,0.912879
10418,0.912879
10428,0.912879
10438,0.912879
10448,0.912879
10458,0.912879
10468,0.912879
10522,0.912879
10532,0.912879
10542,0.912879
10552,0.912879
10562,0.912879
10572,0.912879
10582,0.912879
10592,0.912879
10602,0.912879
10612,0.912879
10666,0.912879
10676,0.912879
10686,0.912879
10696,0.912879
10706,0.912879
10716,0.912879
10726,0.912879
10736,0.912879
10746,0.912879
10756,0.912879
10810,0.912879
10820,0.912879
10830,0.912879
10840,0.912879
10850,0.912879
10860,0.912879
10870,0.912879
10880,0.912879
10890,0.912879
10900,0.912879
10954,0.912879
10964,0.912879
10974,0.912879
10984,0.912879
10994,0.912879
11004,0.912879
11014,0.912879
11024,0.912879
11034,0.912879
11044,0.912879
11098,0.912879
11108,0.912879
11118,0.912879
11128,0.912879
11138,0.912879
11148,0.912879
11158,0.912879
11168,0.912879
11178,0.912879
11188,0.912879
11242,0.912879
11252,0.912879
11262,0.912879
11272,0.912879
11282,0.912879
11292,0.912879
11302,0.912879
11312,0.912879
11322,0.912879
11332,0.912879
11386,0.912879
11396,0.912879
11406,0.912879
11416,0.912879
11426,0.912879
11436,0.912879
11446,0.912879
11456,0.912879
11466,0.912879
11476,0.912879
11530,0.912879
11540,0.912879
11550,0.912879
11560,0.912879
11570,0.912879
11580,0.912879
11590,0.912879
11600,0.912879
11610,0.912879
11620,0.912879
11674,0.912879
11684,0.912879
11694,0.912879
11704,0.912879
11714,0.912879
11724,0.912879
11734,0.919289
11744,0.919289
11754,0.919289
11764,0.919289
11818,0.919289
11828,0.919289
11838,0.919289
11848,0.919289
11858,0.919289
11868,0.919289
11878,0.919289
11888,0.919289
11898,0.919289
11908,0.919289
11962,0.919289
11972,0.919289
11982,0.919289
11992,0.919289
12002,0.919289
12012,0.919289
12022,0.919289
12032,0.919289
12042,0.919289
12052,0.919289
12106,0.919289
12116,0.919289
12126,0.919289
12136,0.919289
12146,0.919289
12156,0.919289
12166,0.919289
12176,0.919289
12186,0.919289
12196,0.919289
12250,0.919289
12260,0.919289
12270,0.919289
12280,0.919289
12290,0.919289
12300,0.919289
12310,0.919289
12320,0.919289
12330,0.919289
12340,0.919289
12394,0.919289
12404,0.919289
12414,0.919289
12424,0.919289
12434,0.919289
12444,0.919289
12454,0.919289
12464,0.919289
12474,0.919289
12484,0.919289
12538,0.919289
12548,0.919289
12558,0.919289
12568,0.919289
12578,0.919289
12588,0.919289
12598,0.919289
12608,0.919289
12618,0.919289
12628,0.919289
12682,0.919289
12692,0.919289
12702,0.919289
12712,0.919289
12722,0.919289
12732,0.919289
12742,0.919289
12752,0.919289
12762,0.919289
12772,0.919289
12826,0.919289
12836,0.919289
12846,0.919289
12856,0.919289
12866,0.919289
12876,0.919289
12886,0.919289
12896,0.919289
12906,0.919289
12916,0.919289
12970,0.919289
12980,0.919289
12990,0.919289
13000,0.919289
13010,0.919289
13020,0.919289
13030,0.919289
13040,0.919289
13050,0.919289
13060,0.919289
13114,0.919289
13124,0.919289
13134,0.919289
13144,0.919289
13154,0.919289
13164,0.919289
13174,0.919289
13184,0.919289
13194,0.919289
13204,0.919289
13258,0.919289
13268,0.919289
13278,0.919289
13288,0.919289
13298,0.919289
13308,0.919289
13318,0.919289
13328,0.919289
13338,0.919289
13348,0.919289
13402,0.919289
13412,0.919289
13422,0.919289
13432,0.919289
13442,0.919289
13452,0.919289
13462,0.919289
13472,0.919289
13482,0.919289
13492,0.919289
13546,0.919289
13556,0.919289
13566,0.919289
13576,0.919289
13586,0.919289
13596,0.919289
13606,0.919289
13616,0.919289
13626,0.919289
13636,0.919289
13690,0.919289
13700,0.919289
13710,0.919289
13720,0.919289
13730,0.919289
13740,0.919289
13750,0.919289
13760,0.919289
13770,0.919289
13780,0.919289
13834,0.919289
13844,0.919289
13854,0.919289
13864,0.919289
13874,0.919289
13884,0.919289
13894,0.919289
13904,0.919289
13914,0.919289
13924,0.919289
13978,0.919289
13988,0.919289
13998,0.919289
14008,0.919289
14018,0.919289
14028,0.919289
14038,0.919289
14048,0.919289
14058,0.919289
14068,0.919289
14122,0.919289
14132,0.919289
14142,0.919289
14152,0.919289
14162,0.919289
14172,0.919289
14182,0.919289
14192,0.919289
14202,0.919289
14212,0.919289
14266,0.919289
14276,0.919289
14286,0.919289
14296,0.919289
14306,0.919289
14316,0.919289
14326,0.919289
14336,0.919289
14346,0.919289
14356,0.919289
14410,0.919289
14420,0.919289
14430,0.919289
14440,0.919289
14450,0.919289
14460,0.919289
14470,0.919289
14480,0.919289
14490,0.919289
14500,0.919289
14554,0.919289
14564,0.919289
14574,0.919289
14584,0.919289
14594,0.919289
14604,0.919289
14614,0.919289
14624,0.919289
14634,0.919289
14644,0.919289
14698,0.919289
14708,0.919289
14718,0.919289
14728,0.919289
14738,0.919289
14748,0.919289
14758,0.919289
14768,0.919289
14778,0.919289
14788,0.919289
14842,0.919289
14852,0.919289
14862,0.919289
14872,0.919289
14882,0.919289
14892,0.919289
14902,0.919289
14912,0.919289
14922,0.919289
14932,0.919289
14986,0.919289
14996,0.919289
15006,0.919289
