10,0.434343
20,0.454668
30,0.464239
40,0.464239
50,0.477395
60,0.485174
70,0.501914
80,0.516862
90,0.516862
100,0.516862
198,0.588017
208,0.594005
218,0.594005
228,0.599381
238,0.60716
248,0.60716
258,0.60716
268,0.632291
278,0.632291
288,0.632291
386,0.67355
396,0.67355
406,0.67355
416,0.67355
426,0.67355
436,0.67355
446,0.67355
456,0.67355
466,0.675342
476,0.675342
574,0.675342
584,0.675342
594,0.675342
604,0.675342
614,0.675342
624,0.677134
634,0.680718
644,0.680718
654,0.684914
664,0.684914
762,0.718394
772,0.718394
782,0.718394
792,0.718394
802,0.718394
812,0.718394
822,0.718394
832,0.718394
842,0.718394
852,0.718394
950,0.718394
960,0.718394
970,0.718394
980,0.718394
990,0.718394
1000,0.718394
1010,0.718394
1020,0.718394
1030,0.718394
1040,0.718394
1138,0.718394
1148,0.718394
1158,0.718394
1168,0.718394
1178,0.718394
1188,0.720186
1198,0.720186
1208,0.720186
1218,0.720186
1228,0.720186
1326,0.759653
1336,0.759653
1346,0.759653
1356,0.759653
1366,0.759653
1376,0.759653
1386,0.771017
1396,0.771017
1406,0.771017
1416,0.771017
1514,0.771017
1524,0.771017
1534,0.771017
1544,0.771017
1554,0.774601
1564,0.774601
1574,0.774601
1584,0.778185
1594,0.78238
1604,0.78238
1702,0.78238
1712,0.78238
1722,0.78238
1732,0.78238
1742,0.78238
1752,0.78238
1762,0.78238
1772,0.78238
1782,0.78238
1792,0.78238
1890,0.789549
1900,0.789549
1910,0.789549
1920,0.789549
1930,0.79912
1940,0.79912
1950,0.800912
1960,0.800912
1970,0.800912
1980,0.800912
2078,0.800912
2088,0.800912
2098,0.800912
2108,0.800912
2118,0.800912
2128,0.800912
2138,0.800912
2148,0.800912
2158,0.800912
2168,0.802704
2266,0.802704
2276,0.802704
2286,0.802704
2296,0.802704
2306,0.802704
2316,0.802704
2326,0.802704
2336,0.802704
2346,0.802704
2356,0.802704
2454,0.802704
2464,0.802704
2474,0.802704
2484,0.802704
2494,0.802704
2504,0.802704
2514,0.802704
2524,0.802704
2534,0.802704
2544,0.802704
2642,0.802704
2652,0.802704
2662,0.802704
2672,0.802704
2682,0.802704
2692,0.802704
2702,0.802704
2712,0.802704
2722,0.802704
2732,0.802704
2830,0.812276
2840,0.812276
2850,0.814068
2860,0.814068
2870,0.814068
2880,0.814068
2890,0.814068
2900,0.814068
2910,0.814068
2920,0.814068
3018,0.814068
3028,0.820055
3038,0.820055
3048,0.820055
3058,0.820055
3068,0.820055
3078,0.820055
3088,0.820055
3098,0.820055
3108,0.820055
3206,0.820055
3216,0.820055
3226,0.821847
3236,0.821847
3246,0.821847
3256,0.821847
3266,0.821847
3276,0.821847
3286,0.82364
3296,0.82364
3394,0.82364
3404,0.82364
3414,0.82364
3424,0.82364
3434,0.82364
3444,0.82364
3454,0.82364
3464,0.82364
3474,0.82364
3484,0.82364
3582,0.82364
3592,0.82364
3602,0.82364
3612,0.82364
3622,0.82364
3632,0.82364
3642,0.825432
3652,0.825432
3662,0.825432
3672,0.825432
3770,0.827224
3780,0.827224
3790,0.827224
3800,0.827224
3810,0.827224
3820,0.827224
3830,0.827224
3840,0.827224
3850,0.827224
3860,0.827224
3958,0.827224
3968,0.827224
3978,0.827224
3988,0.827224
3998,0.827224
4008,0.827224
4018,0.827224
4028,0.827224
4038,0.827224
4048,0.827224
4146,0.827224
4156,0.827224
4166,0.827224
4176,0.827224
4186,0.827224
4196,0.827224
4206,0.827224
4216,0.827224
4226,0.827224
4236,0.827224
4334,0.827224
4344,0.827224
4354,0.827224
4364,0.827224
4374,0.827224
4384,0.829016
4394,0.829016
4404,0.829016
4414,0.829016
4424,0.829016
4522,0.829016
4532,0.829016
4542,0.829016
4552,0.829016
4562,0.829016
4572,0.829016
4582,0.829016
4592,0.829016
4602,0.829016
4612,0.829016
4710,0.833211
4720,0.833211
4730,0.833211
4740,0.833211
4750,0.833211
4760,0.833211
4770,0.833211
4780,0.833211
4790,0.836795
4800,0.836795
4898,0.836795
4908,0.836795
4918,0.836795
4928,0.842172
4938,0.842172
4948,0.842172
4958,0.842172
4968,0.842172
4978,0.842172
4988,0.842172
5086,0.842172
5096,0.842172
5106,0.842172
5116,0.842172
5126,0.842172
5136,0.842172
5146,0.842172
5156,0.842172
5166,0.842172
5176,0.842172
5274,0.842172
5284,0.842172
5294,0.842172
5304,0.842172
5314,0.842172
5324,0.842172
5334,0.842172
5344,0.842172
5354,0.842172
5364,0.842172
5462,0.842172
5472,0.842172
5482,0.842172
5492,0.842172
5502,0.842172
5512,0.842172
5522,0.842172
5532,0.842172
5542,0.842172
5552,0.842172
5650,0.842172
5660,0.844575
5670,0.844575
5680,0.844575
5690,0.844575
5700,0.844575
5710,0.844575
5720,0.844575
5730,0.844575
5740,0.844575
5838,0.844575
5848,0.844575
5858,0.844575
5868,0.844575
5878,0.844575
5888,0.844575
5898,0.844575
5908,0.844575
5918,0.844575
5928,0.850562
6026,0.850562
6036,0.850562
6046,0.854146
6056,0.854146
6066,0.854146
6076,0.864329
6086,0.864329
6096,0.864329
6106,0.864329
6116,0.864329
6214,0.864329
6224,0.864329
6234,0.864329
6244,0.864329
6254,0.864329
6264,0.864329
6274,0.864329
6284,0.864329
6294,0.864329
6304,0.864329
6402,0.864329
6412,0.864329
6422,0.864329
6432,0.866121
6442,0.866121
6452,0.866121
6462,0.866121
6472,0.866121
6482,0.866121
6492,0.866121
6590,0.866121
6600,0.866121
6610,0.866121
6620,0.866121
6630,0.866121
6640,0.866121
6650,0.866121
6660,0.866121
6670,0.866121
6680,0.866121
6778,0.866121
6788,0.866121
6798,0.866121
6808,0.866121
6818,0.866121
6828,0.866121
6838,0.866121
6848,0.866121
6858,0.866121
6868,0.866121
6966,0.866121
6976,0.866121
6986,0.866121
6996,0.866121
7006,0.866121
7016,0.866121
7026,0.866121
7036,0.866121
7046,0.866121
7056,0.866121
7154,0.866121
7164,0.866121
7174,0.866121
7184,0.866121
7194,0.866121
7204,0.866121
7214,0.866121
7224,0.866121
7234,0.866121
7244,0.866121
7342,0.866121
7352,0.867913
7362,0.867913
7372,0.867913
7382,0.867913
7392,0.867913
7402,0.867913
7412,0.867913
7422,0.867913
7432,0.867913
7530,0.867913
7540,0.867913
7550,0.867913
7560,0.867913
7570,0.867913
7580,0.867913
7590,0.867913
7600,0.867913
7610,0.867913
7620,0.867913
7718,0.867913
7728,0.867913
7738,0.867913
7748,0.867913
7758,0.867913
7768,0.867913
7778,0.867913
7788,0.867913
7798,0.867913
7808,0.867913
7906,0.867913
7916,0.867913
7926,0.867913
7936,0.867913
7946,0.867913
7956,0.867913
7966,0.867913
7976,0.867913
7986,0.867913
7996,0.867913
8094,0.867913
8104,0.867913
8114,0.867913
8124,0.867913
8134,0.867913
8144,0.867913
8154,0.867913
8164,0.867913
8174,0.867913
8184,0.867913
8282,0.867913
8292,0.867913
8302,0.867913
8312,0.867913
8322,0.867913
8332,0.867913
8342,0.867913
8352,0.867913
8362,0.867913
8372,0.867913
8470,0.875081
8480,0.875081
8490,0.875081
8500,0.875081
8510,0.875081
8520,0.875081
8530,0.875081
8540,0.875081
8550,0.875081
8560,0.875081
8658,0.875081
8668,0.875081
8678,0.875081
8688,0.875081
8698,0.875081
8708,0.881069
8718,0.881069
8728,0.881069
8738,0.881069
8748,0.881069
8846,0.881069
8856,0.881069
8866,0.881069
8876,0.88225
8886,0.88225
8896,0.88225
8906,0.88225
8916,0.88225
8926,0.88225
8936,0.88225
9034,0.88225
9044,0.88225
9054,0.88225
9064,0.88225
9074,0.88225
9084,0.88225
9094,0.88225
9104,0.88225
9114,0.88225
9124,0.88225
9222,0.88225
9232,0.88225
9242,0.88225
9252,0.88225
9262,0.88225
9272,0.88225
9282,0.88225
9292,0.88225
9302,0.88225
9312,0.88225
9410,0.88225
9420,0.88225
9430,0.88225
9440,0.88225
9450,0.88225
9460,0.885834
9470,0.885834
9480,0.885834
9490,0.885834
9500,0.885834
9598,0.885834
9608,0.885834
9618,0.885834
9628,0.885834
9638,0.885834
9648,0.885834
9658,0.885834
9668,0.885834
9678,0.885834
9688,0.885834
9786,0.885834
9796,0.885834
9806,0.885834
9816,0.885834
9826,0.885834
9836,0.885834
9846,0.885834
9856,0.885834
9866,0.885834
9876,0.885834
9974,0.885834
9984,0.885834
9994,0.885834
10004,0.887626
10014,0.887626
10024,0.887626
10034,0.887626
10044,0.887626
10054,0.889418
10064,0.889418
10162,0.889418
10172,0.889418
10182,0.889418
10192,0.889418
10202,0.889418
10212,0.889418
10222,0.889418
10232,0.889418
10242,0.889418
10252,0.889418
10350,0.889418
10360,0.889418
10370,0.889418
10380,0.889418
10390,0.889418
10400,0.89121
10410,0.89121
10420,0.89121
10430,0.89121
10440,0.89121
10538,0.89121
10548,0.89121
10558,0.89121
10568,0.89121
10578,0.89121
10588,0.89121
10598,0.89121
10608,0.89121
10618,0.89121
10628,0.89121
10726,0.89121
10736,0.89121
10746,0.89121
10756,0.89121
10766,0.89121
10776,0.89121
10786,0.89121
10796,0.89121
10806,0.89121
10816,0.89121
10914,0.89121
10924,0.89121
10934,0.89121
10944,0.89121
10954,0.89121
10964,0.89121
10974,0.89121
10984,0.89121
10994,0.89121
11004,0.89121
11102,0.89121
11112,0.89121
11122,0.89121
11132,0.89121
11142,0.89121
11152,0.89121
11162,0.89121
11172,0.89121
11182,0.89121
11192,0.89121
11290,0.89121
11300,0.89121
11310,0.89121
11320,0.89121
11330,0.89121
11340,0.89121
11350,0.89121
11360,0.89121
11370,0.89121
11380,0.89121
11478,0.89121
11488,0.89121
11498,0.89121
11508,0.89121
11518,0.89121
11528,0.89121
11538,0.89121
11548,0.89121
11558,0.89121
11568,0.89121
11666,0.89121
11676,0.89121
11686,0.89121
11696,0.89121
11706,0.89121
11716,0.89121
11726,0.89121
11736,0.89121
11746,0.89121
11756,0.89121
11854,0.89121
11864,0.89121
11874,0.89121
11884,0.89121
11894,0.89121
11904,0.89121
11914,0.89121
11924,0.89121
11934,0.89121
11944,0.89121
12042,0.89121
12052,0.89121
12062,0.89121
12072,0.89121
12082,0.89121
12092,0.89121
12102,0.89121
12112,0.89121
12122,0.89121
12132,0.89121
12230,0.89121
12240,0.89121
12250,0.89121
12260,0.89121
12270,0.89121
12280,0.89121
12290,0.89121
12300,0.89121
12310,0.89121
12320,0.89121
12418,0.89121
12428,0.89121
12438,0.89121
12448,0.89121
12458,0.89121
12468,0.89121
12478,0.89121
12488,0.89121
12498,0.89121
12508,0.89121
12606,0.89121
12616,0.89121
12626,0.89121
12636,0.89121
12646,0.89121
12656,0.89121
12666,0.89121
12676,0.89121
12686,0.89121
12696,0.89121
12794,0.89121
12804,0.89121
12814,0.89121
12824,0.89121
12834,0.89121
12844,0.89121
12854,0.89121
12864,0.89121
12874,0.89121
12884,0.89121
12982,0.89121
12992,0.89121
13002,0.89121
13012,0.89121
13022,0.89121
13032,0.89121
13042,0.89121
13052,0.89121
13062,0.89121
13072,0.89121
13170,0.89121
13180,0.89121
13190,0.89121
13200,0.89121
13210,0.89121
13220,0.89121
13230,0.89121
13240,0.89121
13250,0.89121
13260,0.89121
13358,0.89121
13368,0.89121
13378,0.89121
13388,0.89121
13398,0.89121
13408,0.89121
13418,0.89121
13428,0.89121
13438,0.89121
13448,0.89121
13546,0.89121
13556,0.89121
13566,0.89121
13576,0.89121
13586,0.89121
13596,0.89121
13606,0.89121
13616,0.89121
13626,0.89121
13636,0.89121
13734,0.89121
13744,0.89121
13754,0.89121
13764,0.89121
13774,0.89121
13784,0.89121
13794,0.89121
13804,0.89121
13814,0.89121
13824,0.89121
13922,0.89121
13932,0.89121
13942,0.89121
13952,0.89121
13962,0.89121
13972,0.89121
13982,0.89121
13992,0.89121
14002,0.89121
14012,0.89121
14110,0.89121
14120,0.89121
14130,0.89121
14140,0.89121
14150,0.89121
14160,0.89121
14170,0.89121
14180,0.89121
14190,0.89121
14200,0.89121
14298,0.89121
14308,0.89121
14318,0.89121
14328,0.89121
14338,0.89121
14348,0.89121
14358,0.89121
14368,0.89121
14378,0.89121
14388,0.89121
14486,0.89121
14496,0.89121
14506,0.89121
14516,0.89121
14526,0.89121
14536,0.89121
14546,0.89121
14556,0.89121
14566,0.89121
14576,0.89121
14674,0.89121
14684,0.89121
14694,0.89121
14704,0.89121
14714,0.89121
14724,0.89121
14734,0.89121
14744,0.89121
14754,0.89121
14764,0.89121
14862,0.89121
14872,0.89121
14882,0.89121
14892,0.89121
14902,0.89121
14912,0.89121
14922,0.89121
14932,0.89121
14942,0.89121
14952,0.89121
15010,0.89121
