10,0.463017
20,0.487537
30,0.487537
40,0.495316
50,0.495316
60,0.519835
70,0.519835
80,0.536575
90,0.536575
100,0.538368
198,0.546147
208,0.564679
218,0.564679
228,0.564679
238,0.564679
248,0.585614
258,0.585614
268,0.590991
278,0.600562
288,0.600562
386,0.604146
396,0.604146
406,0.604146
416,0.604146
426,0.623289
436,0.623289
446,0.623289
456,0.623289
466,0.623289
476,0.626874
574,0.634653
584,0.636445
594,0.636445
604,0.638237
614,0.638237
624,0.638237
634,0.638237
644,0.646017
654,0.647809
664,0.653185
762,0.653185
772,0.653185
782,0.653185
792,0.653185
802,0.653185
812,0.653185
822,0.653185
832,0.653185
842,0.653185
852,0.656769
950,0.656769
960,0.656769
970,0.656769
980,0.666341
990,0.67412
1000,0.689068
1010,0.689068
1020,0.702224
1030,0.717172
1040,0.717172
1138,0.717172
1148,0.735704
1158,0.735704
1168,0.735704
1178,0.735704
1188,0.735704
1198,0.735704
1208,0.737496
1218,0.737496
1228,0.737496
1326,0.737496
1336,0.737496
1346,0.737496
1356,0.737496
1366,0.743483
1376,0.743483
1386,0.743483
1396,0.743483
1406,0.743483
1416,0.745275
1514,0.764418
1524,0.764418
1534,0.764418
1544,0.764418
1554,0.764418
1564,0.764418
1574,0.764418
1584,0.764418
1594,0.764418
1604,0.764418
1702,0.764418
1712,0.764418
1722,0.764418
1732,0.764418
1742,0.764418
1752,0.764418
1762,0.764418
1772,0.764418
1782,0.764418
1792,0.764418
1890,0.764418
1900,0.764418
1910,0.764418
1920,0.764418
1930,0.764418
1940,0.764418
1950,0.764418
1960,0.764418
1970,0.764418
1980,0.764418
2078,0.764418
2088,0.76621
2098,0.76621
2108,0.76621
2118,0.76621
2128,0.76621
2138,0.76621
2148,0.76621
2158,0.76621
2168,0.76621
2266,0.76621
2276,0.76621
2286,0.76621
2296,0.76621
2306,0.76621
2316,0.76621
2326,0.76621
2336,0.76621
2346,0.76621
2356,0.76621
2454,0.76621
2464,0.76621
2474,0.76621
2484,0.786535
2494,0.786535
2504,0.786535
2514,0.786535
2524,0.786535
2534,0.786535
2544,0.786535
2642,0.786535
2652,0.786535
2662,0.786535
2672,0.786535
2682,0.786535
2692,0.786535
2702,0.786535
2712,0.786535
2722,0.786535
2732,0.786535
2830,0.786535
2840,0.786535
2850,0.786535
2860,0.786535
2870,0.786535
2880,0.786535
2890,0.786535
2900,0.786535
2910,0.786535
2920,0.79073
3018,0.79073
3028,0.79073
3038,0.79073
3048,0.792522
3058,0.792522
3068,0.792522
3078,0.792522
3088,0.792522
3098,0.792522
3108,0.792522
3206,0.792522
3216,0.792522
3226,0.792522
3236,0.792522
3246,0.792522
3256,0.792522
3266,0.792522
3276,0.792522
3286,0.792522
3296,0.792522
3394,0.792522
3404,0.792522
3414,0.792522
3424,0.792522
3434,0.792522
3444,0.792522
3454,0.792522
3464,0.792522
3474,0.792522
3484,0.792522
3582,0.792522
3592,0.792522
3602,0.792522
3612,0.792522
3622,0.792522
3632,0.792522
3642,0.792522
3652,0.792522
3662,0.792522
3672,0.792522
3770,0.792522
3780,0.792522
3790,0.792522
3800,0.792522
3810,0.792522
3820,0.792522
3830,0.792522
3840,0.792522
3850,0.792522
3860,0.792522
3958,0.792522
3968,0.792522
3978,0.792522
3988,0.792522
3998,0.792522
4008,0.792522
4018,0.792522
4028,0.792522
4038,0.792522
4048,0.792522
4146,0.792522
4156,0.792522
4166,0.792522
4176,0.792522
4186,0.792522
4196,0.792522
4206,0.792522
4216,0.792522
4226,0.792522
4236,0.792522
4334,0.792522
4344,0.792522
4354,0.792522
4364,0.792522
4374,0.794925
4384,0.794925
4394,0.794925
4404,0.794925
4414,0.794925
4424,0.794925
4522,0.794925
4532,0.794925
4542,0.794925
4552,0.794925
4562,0.794925
4572,0.794925
4582,0.794925
4592,0.794925
4602,0.794925
4612,0.794925
4710,0.794925
4720,0.794925
4730,0.794925
4740,0.794925
4750,0.794925
4760,0.794925
4770,0.794925
4780,0.794925
4790,0.794925
4800,0.794925
4898,0.794925
4908,0.794925
4918,0.794925
4928,0.794925
4938,0.794925
4948,0.794925
4958,0.794925
4968,0.794925
4978,0.794925
4988,0.794925
5086,0.794925
5096,0.794925
5106,0.794925
5116,0.794925
5126,0.794925
5136,0.794925
5146,0.794925
5156,0.794925
5166,0.794925
5176,0.794925
5274,0.794925
5284,0.794925
5294,0.794925
5304,0.794925
5314,0.794925
5324,0.794925
5334,0.794925
5344,0.794925
5354,0.794925
5364,0.794925
5462,0.794925
5472,0.794925
5482,0.794925
5492,0.794925
5502,0.794925
5512,0.794925
5522,0.794925
5532,0.794925
5542,0.794925
5552,0.794925
5650,0.794925
5660,0.794925
5670,0.794925
5680,0.794925
5690,0.794925
5700,0.794925
5710,0.794925
5720,0.796717
5730,0.796717
5740,0.803886
5838,0.803886
5848,0.803886
5858,0.803886
5868,0.803886
5878,0.803886
5888,0.803886
5898,0.803886
5908,0.803886
5918,0.803886
5928,0.803886
6026,0.803886
6036,0.803886
6046,0.803886
6056,0.803886
6066,0.803886
6076,0.803886
6086,0.803886
6096,0.803886
6106,0.803886
6116,0.803886
6214,0.803886
6224,0.803886
6234,0.803886
6244,0.803886
6254,0.811665
6264,0.811665
6274,0.811665
6284,0.811665
6294,0.811665
6304,0.811665
6402,0.811665
6412,0.813457
6422,0.813457
6432,0.813457
6442,0.813457
6452,0.813457
6462,0.815249
6472,0.815249
6482,0.815249
6492,0.815249
6590,0.815249
6600,0.815249
6610,0.815249
6620,0.815249
6630,0.815249
6640,0.815249
6650,0.815249
6660,0.815249
6670,0.815249
6680,0.815249
6778,0.815249
6788,0.815249
6798,0.815249
6808,0.815249
6818,0.815249
6828,0.815249
6838,0.815249
6848,0.815249
6858,0.815249
6868,0.815249
6966,0.815249
6976,0.815249
6986,0.815249
6996,0.815249
7006,0.815249
7016,0.815249
7026,0.815249
7036,0.815249
7046,0.815249
7056,0.815249
7154,0.815249
7164,0.815249
7174,0.815249
7184,0.815249
7194,0.815249
7204,0.815249
7214,0.815249
7224,0.815249
7234,0.815249
7244,0.815249
7342,0.815249
7352,0.815249
7362,0.815249
7372,0.815249
7382,0.815249
7392,0.815249
7402,0.815249
7412,0.815249
7422,0.815249
7432,0.815249
7530,0.815249
7540,0.815249
7550,0.815249
7560,0.815249
7570,0.815249
7580,0.815249
7590,0.815249
7600,0.815249
7610,0.815249
7620,0.815249
7718,0.821237
7728,0.828405
7738,0.828405
7748,0.828405
7758,0.828405
7768,0.828405
7778,0.828405
7788,0.828405
7798,0.828405
7808,0.828405
7906,0.828405
7916,0.828405
7926,0.828405
7936,0.828405
7946,0.831989
7956,0.831989
7966,0.831989
7976,0.831989
7986,0.831989
7996,0.831989
8094,0.831989
8104,0.831989
8114,0.831989
8124,0.831989
8134,0.831989
8144,0.831989
8154,0.831989
8164,0.831989
8174,0.831989
8184,0.837977
8282,0.837977
8292,0.837977
8302,0.837977
8312,0.837977
8322,0.839769
8332,0.839769
8342,0.839769
8352,0.839769
8362,0.843964
8372,0.843964
8470,0.843964
8480,0.843964
8490,0.843964
8500,0.843964
8510,0.843964
8520,0.843964
8530,0.843964
8540,0.843964
8550,0.843964
8560,0.843964
8658,0.843964
8668,0.843964
8678,0.843964
8688,0.843964
8698,0.843964
8708,0.843964
8718,0.843964
8728,0.843964
8738,0.843964
8748,0.843964
8846,0.843964
8856,0.843964
8866,0.843964
8876,0.843964
8886,0.843964
8896,0.843964
8906,0.843964
8916,0.843964
8926,0.843964
8936,0.843964
9034,0.843964
9044,0.843964
9054,0.843964
9064,0.843964
9074,0.843964
9084,0.843964
9094,0.843964
9104,0.843964
9114,0.843964
9124,0.843964
9222,0.843964
9232,0.843964
9242,0.843964
9252,0.843964
9262,0.843964
9272,0.843964
9282,0.843964
9292,0.843964
9302,0.843964
9312,0.843964
9410,0.843964
9420,0.843964
9430,0.843964
9440,0.843964
9450,0.843964
9460,0.843964
9470,0.843964
9480,0.843964
9490,0.843964
9500,0.843964
9598,0.843964
9608,0.843964
9618,0.843964
9628,0.843964
9638,0.843964
9648,0.847548
9658,0.847548
9668,0.847548
9678,0.847548
9688,0.84934
9786,0.851743
9796,0.851743
9806,0.851743
9816,0.851743
9826,0.851743
9836,0.851743
9846,0.851743
9856,0.851743
9866,0.851743
9876,0.851743
9974,0.851743
9984,0.851743
9994,0.851743
10004,0.851743
10014,0.851743
10024,0.851743
10034,0.851743
10044,0.851743
10054,0.851743
10064,0.851743
10162,0.851743
10172,0.851743
10182,0.851743
10192,0.851743
10202,0.851743
10212,0.851743
10222,0.851743
10232,0.851743
10242,0.851743
10252,0.851743
10350,0.851743
10360,0.851743
10370,0.851743
10380,0.851743
10390,0.851743
10400,0.851743
10410,0.851743
10420,0.851743
10430,0.851743
10440,0.854146
10538,0.854146
10548,0.854146
10558,0.854146
10568,0.857731
10578,0.857731
10588,0.857731
10598,0.857731
10608,0.857731
10618,0.857731
10628,0.857731
10726,0.857731
10736,0.857731
10746,0.857731
10756,0.857731
10766,0.857731
10776,0.857731
10786,0.857731
10796,0.857731
10806,0.857731
10816,0.857731
10914,0.857731
10924,0.857731
10934,0.857731
10944,0.857731
10954,0.857731
10964,0.857731
10974,0.857731
10984,0.857731
10994,0.857731
11004,0.857731
11102,0.857731
11112,0.857731
11122,0.857731
11132,0.857731
11142,0.857731
11152,0.857731
11162,0.857731
11172,0.861926
11182,0.861926
11192,0.861926
11290,0.861926
11300,0.861926
11310,0.861926
11320,0.861926
11330,0.863718
11340,0.863718
11350,0.863718
11360,0.863718
11370,0.863718
11380,0.863718
11478,0.863718
11488,0.863718
11498,0.863718
11508,0.863718
11518,0.863718
11528,0.863718
11538,0.863718
11548,0.863718
11558,0.863718
11568,0.863718
11666,0.863718
11676,0.863718
11686,0.863718
11696,0.863718
11706,0.863718
11716,0.863718
11726,0.863718
11736,0.863718
11746,0.863718
11756,0.863718
11854,0.863718
11864,0.863718
11874,0.863718
11884,0.863718
11894,0.863718
11904,0.863718
11914,0.863718
11924,0.863718
11934,0.863718
11944,0.863718
12042,0.863718
12052,0.863718
12062,0.863718
12072,0.863718
12082,0.863718
12092,0.863718
12102,0.863718
12112,0.863718
12122,0.863718
12132,0.863718
12230,0.863718
12240,0.863718
12250,0.863718
12260,0.863718
12270,0.863718
12280,0.863718
12290,0.863718
12300,0.863718
12310,0.863718
12320,0.863718
12418,0.863718
12428,0.863718
12438,0.863718
12448,0.863718
12458,0.863718
12468,0.863718
12478,0.863718
12488,0.863718
12498,0.863718
12508,0.863718
12606,0.863718
12616,0.863718
12626,0.863718
12636,0.863718
12646,0.863718
12656,0.863718
12666,0.863718
12676,0.863718
12686,0.863718
12696,0.863718
12794,0.863718
12804,0.863718
12814,0.863718
12824,0.863718
12834,0.863718
12844,0.863718
12854,0.863718
12864,0.863718
12874,0.863718
12884,0.863718
12982,0.863718
12992,0.863718
13002,0.863718
13012,0.863718
13022,0.863718
13032,0.863718
13042,0.863718
13052,0.863718
13062,0.863718
13072,0.863718
13170,0.863718
13180,0.863718
13190,0.863718
13200,0.863718
13210,0.863718
13220,0.863718
13230,0.863718
13240,0.863718
13250,0.863718
13260,0.863718
13358,0.863718
13368,0.863718
13378,0.863718
13388,0.863718
13398,0.863718
13408,0.863718
13418,0.863718
13428,0.863718
13438,0.863718
13448,0.863718
13546,0.863718
13556,0.863718
13566,0.863718
13576,0.863718
13586,0.863718
13596,0.863718
13606,0.863718
13616,0.863718
13626,0.863718
13636,0.863718
13734,0.863718
13744,0.863718
13754,0.863718
13764,0.863718
13774,0.863718
13784,0.863718
13794,0.863718
13804,0.863718
13814,0.863718
13824,0.863718
13922,0.863718
13932,0.863718
13942,0.863718
13952,0.863718
13962,0.863718
13972,0.863718
13982,0.863718
13992,0.863718
14002,0.863718
14012,0.863718
14110,0.863718
14120,0.863718
14130,0.863718
14140,0.863718
14150,0.863718
14160,0.863718
14170,0.863718
14180,0.863718
14190,0.863718
14200,0.863718
14298,0.863718
14308,0.86551
14318,0.86551
14328,0.86551
14338,0.86551
14348,0.86551
14358,0.86551
14368,0.86551
14378,0.86551
14388,0.86551
14486,0.86551
14496,0.86551
14506,0.86551
14516,0.86551
14526,0.86551
14536,0.86551
14546,0.86551
14556,0.86551
14566,0.86551
14576,0.86551
14674,0.86551
14684,0.86551
14694,0.86551
14704,0.86551
14714,0.86551
14724,0.86551
14734,0.86551
14744,0.86551
14754,0.86551
14764,0.86551
14862,0.86551
14872,0.86551
14882,0.86551
14892,0.86551
14902,0.86551
14912,0.86551
14922,0.86551
14932,0.86551
14942,0.86551
14952,0.86551
15010,0.86551
