10,0.482731
20,0.489899
30,0.50725
40,0.509042
50,0.522198
60,0.522809
70,0.543133
80,0.543133
90,0.550912
100,0.552704
198,0.564068
208,0.564068
218,0.564068
228,0.567652
238,0.579016
248,0.585003
258,0.585003
268,0.585003
278,0.590991
288,0.590991
386,0.634653
396,0.638237
406,0.638237
416,0.638237
426,0.644225
436,0.649601
446,0.658561
456,0.658561
466,0.659172
476,0.659172
574,0.67412
584,0.67412
594,0.67412
604,0.6819
614,0.683692
624,0.687276
634,0.687276
644,0.687276
654,0.687276
664,0.687276
762,0.717172
772,0.717172
782,0.718964
792,0.73212
802,0.73212
812,0.73212
822,0.73212
832,0.73212
842,0.73212
852,0.73212
950,0.73212
960,0.741691
970,0.741691
980,0.741691
990,0.741691
1000,0.743483
1010,0.743483
1020,0.743483
1030,0.743483
1040,0.745275
1138,0.754236
1148,0.754236
1158,0.754236
1168,0.754236
1178,0.754236
1188,0.754236
1198,0.762015
1208,0.762015
1218,0.769795
1228,0.769795
1326,0.782951
1336,0.782951
1346,0.782951
1356,0.782951
1366,0.782951
1376,0.782951
1386,0.782951
1396,0.782951
1406,0.782951
1416,0.782951
1514,0.782951
1524,0.782951
1534,0.79073
1544,0.79073
1554,0.79073
1564,0.79073
1574,0.79073
1584,0.79073
1594,0.79073
1604,0.79073
1702,0.79073
1712,0.79073
1722,0.79073
1732,0.79073
1742,0.79073
1752,0.79073
1762,0.79073
1772,0.79073
1782,0.79073
1792,0.79073
1890,0.809262
1900,0.809262
1910,0.809262
1920,0.809262
1930,0.809262
1940,0.809262
1950,0.809262
1960,0.809262
1970,0.809262
1980,0.809262
2078,0.809262
2088,0.811054
2098,0.811054
2108,0.811054
2118,0.811054
2128,0.811054
2138,0.811054
2148,0.811054
2158,0.811054
2168,0.811054
2266,0.811054
2276,0.811054
2286,0.811054
2296,0.811054
2306,0.811054
2316,0.811054
2326,0.811054
2336,0.811054
2346,0.811054
2356,0.811054
2454,0.82421
2464,0.82421
2474,0.82421
2484,0.82421
2494,0.830197
2504,0.830197
2514,0.831989
2524,0.835573
2534,0.835573
2544,0.835573
2642,0.835573
2652,0.835573
2662,0.837366
2672,0.837366
2682,0.837366
2692,0.837366
2702,0.837366
2712,0.837366
2722,0.837366
2732,0.837366
2830,0.837366
2840,0.837366
2850,0.837366
2860,0.837366
2870,0.837366
2880,0.837366
2890,0.837366
2900,0.837366
2910,0.837366
2920,0.837366
3018,0.837366
3028,0.837366
3038,0.837366
3048,0.837366
3058,0.837366
3068,0.837366
3078,0.837366
3088,0.837366
3098,0.837366
3108,0.837366
3206,0.837366
3216,0.837366
3226,0.837366
3236,0.837366
3246,0.837366
3256,0.837366
3266,0.837366
3276,0.837366
3286,0.837366
3296,0.837366
3394,0.837366
3404,0.837366
3414,0.837366
3424,0.837366
3434,0.837366
3444,0.837366
3454,0.837366
3464,0.837366
3474,0.837366
3484,0.837366
3582,0.837366
3592,0.837366
3602,0.837366
3612,0.837366
3622,0.837366
3632,0.837366
3642,0.837366
3652,0.837366
3662,0.837366
3672,0.837366
3770,0.837366
3780,0.839158
3790,0.839158
3800,0.839158
3810,0.839158
3820,0.839158
3830,0.839158
3840,0.839158
3850,0.839158
3860,0.839158
3958,0.839158
3968,0.839158
3978,0.839158
3988,0.839158
3998,0.839158
4008,0.839158
4018,0.839158
4028,0.839158
4038,0.839158
4048,0.839158
4146,0.839158
4156,0.839158
4166,0.841561
4176,0.841561
4186,0.841561
4196,0.841561
4206,0.841561
4216,0.841561
4226,0.841561
4236,0.841561
4334,0.841561
4344,0.841561
4354,0.841561
4364,0.841561
4374,0.843353
4384,0.843353
4394,0.843353
4404,0.843353
4414,0.843353
4424,0.843353
4522,0.843353
4532,0.843353
4542,0.843353
4552,0.843353
4562,0.843353
4572,0.843353
4582,0.843353
4592,0.843353
4602,0.843353
4612,0.843353
4710,0.843353
4720,0.843353
4730,0.843353
4740,0.845145
4750,0.845145
4760,0.845145
4770,0.845145
4780,0.845145
4790,0.845145
4800,0.845145
4898,0.845145
4908,0.845145
4918,0.845145
4928,0.845145
4938,0.845145
4948,0.845145
4958,0.845145
4968,0.845145
4978,0.845145
4988,0.845145
5086,0.845145
5096,0.845145
5106,0.845145
5116,0.845145
5126,0.845145
5136,0.845145
5146,0.845145
5156,0.845145
5166,0.845145
5176,0.845145
5274,0.845145
5284,0.845145
5294,0.845145
5304,0.846937
5314,0.846937
5324,0.846937
5334,0.846937
5344,0.846937
5354,0.846937
5364,0.846937
5462,0.846937
5472,0.846937
5482,0.846937
5492,0.846937
5502,0.846937
5512,0.846937
5522,0.846937
5532,0.846937
5542,0.846937
5552,0.846937
5650,0.846937
5660,0.846937
5670,0.846937
5680,0.846937
5690,0.846937
5700,0.846937
5710,0.846937
5720,0.846937
5730,0.846937
5740,0.846937
5838,0.852313
5848,0.852313
5858,0.852313
5868,0.852313
5878,0.852313
5888,0.852313
5898,0.852313
5908,0.852313
5918,0.852313
5928,0.852313
6026,0.852313
6036,0.852313
6046,0.852313
6056,0.852313
6066,0.852313
6076,0.852313
6086,0.852313
6096,0.852313
6106,0.852313
6116,0.852313
6214,0.852313
6224,0.852313
6234,0.852313
6244,0.852313
6254,0.852313
6264,0.852313
6274,0.852313
6284,0.852313
6294,0.852313
6304,0.852313
6402,0.852313
6412,0.852313
6422,0.852313
6432,0.852313
6442,0.852313
6452,0.852313
6462,0.852313
6472,0.852313
6482,0.852313
6492,0.852313
6590,0.852313
6600,0.852313
6610,0.852313
6620,0.852313
6630,0.852313
6640,0.852313
6650,0.852313
6660,0.852313
6670,0.852313
6680,0.852313
6778,0.852313
6788,0.852313
6798,0.852313
6808,0.852313
6818,0.852313
6828,0.852313
6838,0.852313
6848,0.852313
6858,0.852313
6868,0.852313
6966,0.852313
6976,0.852313
6986,0.852313
6996,0.852313
7006,0.852313
7016,0.852313
7026,0.852313
7036,0.852313
7046,0.852313
7056,0.852313
7154,0.852313
7164,0.852313
7174,0.852313
7184,0.852313
7194,0.852313
7204,0.852313
7214,0.852313
7224,0.852313
7234,0.852313
7244,0.852313
7342,0.852313
7352,0.852313
7362,0.852313
7372,0.852313
7382,0.852313
7392,0.852313
7402,0.852313
7412,0.852313
7422,0.852313
7432,0.852313
7530,0.852313
7540,0.852313
7550,0.852313
7560,0.852313
7570,0.852313
7580,0.852313
7590,0.852313
7600,0.852313
7610,0.852313
7620,0.852313
7718,0.852313
7728,0.852313
7738,0.852313
7748,0.852313
7758,0.852313
7768,0.852313
7778,0.852313
7788,0.852313
7798,0.852313
7808,0.852313
7906,0.852313
7916,0.852313
7926,0.852313
7936,0.852313
7946,0.852313
7956,0.852313
7966,0.852313
7976,0.852313
7986,0.852313
7996,0.852313
8094,0.852313
8104,0.852313
8114,0.852313
8124,0.852313
8134,0.852313
8144,0.852313
8154,0.852313
8164,0.852313
8174,0.852313
8184,0.852313
8282,0.852313
8292,0.852313
8302,0.852313
8312,0.852313
8322,0.852313
8332,0.852313
8342,0.852313
8352,0.852313
8362,0.852313
8372,0.856509
8470,0.861885
8480,0.861885
8490,0.861885
8500,0.861885
8510,0.861885
8520,0.861885
8530,0.861885
8540,0.861885
8550,0.861885
8560,0.861885
8658,0.861885
8668,0.861885
8678,0.861885
8688,0.861885
8698,0.861885
8708,0.861885
8718,0.861885
8728,0.863677
8738,0.863677
8748,0.863677
8846,0.863677
8856,0.863677
8866,0.863677
8876,0.863677
8886,0.863677
8896,0.863677
8906,0.863677
8916,0.863677
8926,0.863677
8936,0.863677
9034,0.863677
9044,0.863677
9054,0.863677
9064,0.863677
9074,0.863677
9084,0.863677
9094,0.863677
9104,0.863677
9114,0.863677
9124,0.863677
9222,0.863677
9232,0.863677
9242,0.863677
9252,0.863677
9262,0.863677
9272,0.863677
9282,0.863677
9292,0.863677
9302,0.863677
9312,0.863677
9410,0.863677
9420,0.863677
9430,0.863677
9440,0.863677
9450,0.863677
9460,0.863677
9470,0.863677
9480,0.863677
9490,0.863677
9500,0.863677
9598,0.863677
9608,0.863677
9618,0.863677
9628,0.863677
9638,0.863677
9648,0.863677
9658,0.863677
9668,0.863677
9678,0.863677
9688,0.863677
9786,0.863677
9796,0.863677
9806,0.870275
9816,0.870275
9826,0.872067
9836,0.872067
9846,0.872067
9856,0.872067
9866,0.872067
9876,0.872067
9974,0.872067
9984,0.872067
9994,0.872067
10004,0.872067
10014,0.872067
10024,0.872067
10034,0.872067
10044,0.872067
10054,0.872067
10064,0.872067
10162,0.872067
10172,0.872067
10182,0.872067
10192,0.87386
10202,0.87386
10212,0.87386
10222,0.87386
10232,0.87386
10242,0.87386
10252,0.87386
10350,0.87386
10360,0.87386
10370,0.87386
10380,0.87386
10390,0.87386
10400,0.87386
10410,0.87386
10420,0.877444
10430,0.877444
10440,0.877444
10538,0.877444
10548,0.877444
10558,0.877444
10568,0.877444
10578,0.877444
10588,0.877444
10598,0.877444
10608,0.881639
10618,0.881639
10628,0.881639
10726,0.881639
10736,0.881639
10746,0.881639
10756,0.881639
10766,0.881639
10776,0.881639
10786,0.881639
10796,0.881639
10806,0.881639
10816,0.881639
10914,0.881639
10924,0.887015
10934,0.887015
10944,0.887015
10954,0.887015
10964,0.887015
10974,0.887015
10984,0.887015
10994,0.887015
11004,0.887015
11102,0.887015
11112,0.887015
11122,0.887015
11132,0.887015
11142,0.887015
11152,0.887015
11162,0.887015
11172,0.887015
11182,0.887015
11192,0.887015
11290,0.888807
11300,0.888807
11310,0.888807
11320,0.888807
11330,0.888807
11340,0.888807
11350,0.888807
11360,0.888807
11370,0.888807
11380,0.888807
11478,0.888807
11488,0.888807
11498,0.888807
11508,0.888807
11518,0.888807
11528,0.888807
11538,0.888807
11548,0.888807
11558,0.888807
11568,0.888807
11666,0.888807
11676,0.888807
11686,0.888807
11696,0.888807
11706,0.888807
11716,0.888807
11726,0.888807
11736,0.888807
11746,0.888807
11756,0.888807
11854,0.896587
11864,0.896587
11874,0.896587
11884,0.896587
11894,0.896587
11904,0.898379
11914,0.898379
11924,0.898379
11934,0.898379
11944,0.898379
12042,0.898379
12052,0.898379
12062,0.898379
12072,0.898379
12082,0.898379
12092,0.898379
12102,0.898379
12112,0.898379
12122,0.898379
12132,0.898379
12230,0.898379
12240,0.898379
12250,0.898379
12260,0.898379
12270,0.898379
12280,0.898379
12290,0.898379
12300,0.898379
12310,0.898379
12320,0.898379
12418,0.898379
12428,0.898379
12438,0.898379
12448,0.898379
12458,0.898379
12468,0.898379
12478,0.898379
12488,0.898379
12498,0.898379
12508,0.898379
12606,0.898379
12616,0.898379
12626,0.898379
12636,0.898379
12646,0.898379
12656,0.898379
12666,0.898379
12676,0.898379
12686,0.898379
12696,0.900171
12794,0.900171
12804,0.900171
12814,0.900171
12824,0.900171
12834,0.900171
12844,0.900171
12854,0.900171
12864,0.900171
12874,0.900171
12884,0.900171
12982,0.900171
12992,0.900171
13002,0.900171
13012,0.900171
13022,0.900171
13032,0.900171
13042,0.900171
13052,0.900171
13062,0.900171
13072,0.900171
13170,0.901963
13180,0.901963
13190,0.901963
13200,0.901963
13210,0.901963
13220,0.901963
13230,0.901963
13240,0.901963
13250,0.901963
13260,0.901963
13358,0.901963
13368,0.901963
13378,0.901963
13388,0.901963
13398,0.901963
13408,0.901963
13418,0.901963
13428,0.901963
13438,0.901963
13448,0.901963
13546,0.901963
13556,0.901963
13566,0.901963
13576,0.901963
13586,0.901963
13596,0.901963
13606,0.901963
13616,0.901963
13626,0.901963
13636,0.901963
13734,0.901963
13744,0.901963
13754,0.901963
13764,0.901963
13774,0.901963
13784,0.901963
13794,0.901963
13804,0.901963
13814,0.901963
13824,0.901963
13922,0.901963
13932,0.901963
13942,0.901963
13952,0.901963
13962,0.901963
13972,0.901963
13982,0.901963
13992,0.901963
14002,0.901963
14012,0.901963
14110,0.901963
14120,0.901963
14130,0.901963
14140,0.901963
14150,0.901963
14160,0.901963
14170,0.901963
14180,0.901963
14190,0.901963
14200,0.901963
14298,0.901963
14308,0.901963
14318,0.901963
14328,0.901963
14338,0.901963
14348,0.901963
14358,0.901963
14368,0.901963
14378,0.901963
14388,0.901963
14486,0.901963
14496,0.901963
14506,0.901963
14516,0.901963
14526,0.901963
14536,0.901963
14546,0.901963
14556,0.901963
14566,0.901963
14576,0.901963
14674,0.901963
14684,0.901963
14694,0.901963
14704,0.901963
14714,0.901963
14724,0.901963
14734,0.901963
14744,0.901963
14754,0.901963
14764,0.901963
14862,0.901963
14872,0.901963
14882,0.901963
14892,0.901963
14902,0.901963
14912,0.901963
14922,0.901963
14932,0.901963
14942,0.901963
14952,0.901963
15010,0.901963
