10,0.44868
20,0.461836
30,0.471408
40,0.488148
50,0.495927
60,0.499511
70,0.501303
80,0.512667
90,0.520446
100,0.520446
198,0.546758
208,0.546758
218,0.546758
228,0.546758
238,0.546758
248,0.546758
258,0.55694
268,0.571277
278,0.577265
288,0.577265
386,0.577265
396,0.584433
406,0.597589
416,0.597589
426,0.618524
436,0.618524
446,0.618524
456,0.6239
466,0.6239
476,0.6239
574,0.627485
584,0.627485
594,0.638848
604,0.638848
614,0.638848
624,0.638848
634,0.644835
644,0.644835
654,0.656199
664,0.656199
762,0.656199
772,0.656199
782,0.656199
792,0.656199
802,0.657991
812,0.657991
822,0.657991
832,0.657991
842,0.663978
852,0.667563
950,0.667563
960,0.669355
970,0.671147
980,0.678926
990,0.682511
1000,0.682511
1010,0.682511
1020,0.682511
1030,0.682511
1040,0.682511
1138,0.682511
1148,0.682511
1158,0.684303
1168,0.699251
1178,0.699251
1188,0.699251
1198,0.70703
1208,0.712406
1218,0.714198
1228,0.714198
1326,0.714198
1336,0.714198
1346,0.714198
1356,0.714198
1366,0.720186
1376,0.720186
1386,0.720186
1396,0.720186
1406,0.720186
1416,0.720186
1514,0.720186
1524,0.721978
1534,0.721978
1544,0.721978
1554,0.721978
1564,0.72377
1574,0.72377
1584,0.72377
1594,0.72377
1604,0.725562
1702,0.725562
1712,0.725562
1722,0.725562
1732,0.725562
1742,0.725562
1752,0.725562
1762,0.729146
1772,0.729146
1782,0.729146
1792,0.729146
1890,0.729146
1900,0.729146
1910,0.729146
1920,0.730938
1930,0.730938
1940,0.730938
1950,0.730938
1960,0.730938
1970,0.730938
1980,0.730938
2078,0.730938
2088,0.730938
2098,0.730938
2108,0.730938
2118,0.730938
2128,0.730938
2138,0.730938
2148,0.730938
2158,0.733341
2168,0.733341
2266,0.733341
2276,0.733341
2286,0.733341
2296,0.742302
2306,0.750081
2316,0.750081
2326,0.750081
2336,0.759653
2346,0.759653
2356,0.759653
2454,0.785964
2464,0.785964
2474,0.785964
2484,0.79016
2494,0.791341
2504,0.791341
2514,0.791341
2524,0.791341
2534,0.791341
2544,0.791341
2642,0.791341
2652,0.791341
2662,0.791341
2672,0.791341
2682,0.791341
2692,0.791341
2702,0.791341
2712,0.791341
2722,0.791341
2732,0.797328
2830,0.797328
2840,0.797328
2850,0.797328
2860,0.79912
2870,0.79912
2880,0.79912
2890,0.79912
2900,0.79912
2910,0.79912
2920,0.79912
3018,0.79912
3028,0.79912
3038,0.79912
3048,0.79912
3058,0.79912
3068,0.79912
3078,0.79912
3088,0.79912
3098,0.79912
3108,0.800912
3206,0.800912
3216,0.800912
3226,0.800912
3236,0.800912
3246,0.800912
3256,0.800912
3266,0.800912
3276,0.800912
3286,0.800912
3296,0.800912
3394,0.800912
3404,0.800912
3414,0.800912
3424,0.800912
3434,0.800912
3444,0.800912
3454,0.800912
3464,0.800912
3474,0.800912
3484,0.800912
3582,0.800912
3592,0.802704
3602,0.802704
3612,0.802704
3622,0.802704
3632,0.802704
3642,0.802704
3652,0.802704
3662,0.802704
3672,0.806289
3770,0.806289
3780,0.806289
3790,0.806289
3800,0.806289
3810,0.806289
3820,0.806289
3830,0.806289
3840,0.806289
3850,0.818263
3860,0.818263
3958,0.818263
3968,0.818263
3978,0.818263
3988,0.818263
3998,0.818263
4008,0.818263
4018,0.818263
4028,0.818263
4038,0.818263
4048,0.818263
4146,0.818263
4156,0.818263
4166,0.818263
4176,0.820055
4186,0.820055
4196,0.820055
4206,0.820055
4216,0.820055
4226,0.820055
4236,0.820055
4334,0.820055
4344,0.820055
4354,0.820055
4364,0.820055
4374,0.820055
4384,0.820055
4394,0.820055
4404,0.820055
4414,0.820055
4424,0.820055
4522,0.820055
4532,0.820055
4542,0.820055
4552,0.820055
4562,0.820055
4572,0.820055
4582,0.820055
4592,0.820055
4602,0.820055
4612,0.820055
4710,0.820055
4720,0.820055
4730,0.820055
4740,0.820055
4750,0.824251
4760,0.831419
4770,0.831419
4780,0.831419
4790,0.831419
4800,0.831419
4898,0.835003
4908,0.835003
4918,0.835003
4928,0.835003
4938,0.835003
4948,0.835003
4958,0.835003
4968,0.835003
4978,0.835003
4988,0.835003
5086,0.835003
5096,0.835003
5106,0.835003
5116,0.835003
5126,0.835003
5136,0.835003
5146,0.835003
5156,0.835003
5166,0.835003
5176,0.835003
5274,0.835003
5284,0.835003
5294,0.835003
5304,0.835003
5314,0.835003
5324,0.835003
5334,0.835003
5344,0.835003
5354,0.835003
5364,0.835003
5462,0.835003
5472,0.835003
5482,0.835003
5492,0.835003
5502,0.835003
5512,0.835003
5522,0.835003
5532,0.835003
5542,0.835003
5552,0.835614
5650,0.835614
5660,0.835614
5670,0.844575
5680,0.844575
5690,0.844575
5700,0.844575
5710,0.844575
5720,0.846367
5730,0.846367
5740,0.846367
5838,0.846367
5848,0.846367
5858,0.846367
5868,0.846367
5878,0.846367
5888,0.846367
5898,0.846367
5908,0.846367
5918,0.846367
5928,0.846367
6026,0.846367
6036,0.846367
6046,0.846367
6056,0.846367
6066,0.846367
6076,0.846367
6086,0.846367
6096,0.846367
6106,0.848159
6116,0.848159
6214,0.848159
6224,0.848159
6234,0.848159
6244,0.848159
6254,0.848159
6264,0.848159
6274,0.848159
6284,0.848159
6294,0.848159
6304,0.848159
6402,0.848159
6412,0.848159
6422,0.848159
6432,0.848159
6442,0.848159
6452,0.848159
6462,0.848159
6472,0.848159
6482,0.848159
6492,0.848159
6590,0.848159
6600,0.848159
6610,0.848159
6620,0.848159
6630,0.848159
6640,0.848159
6650,0.848159
6660,0.848159
6670,0.848159
6680,0.848159
6778,0.848159
6788,0.848159
6798,0.848159
6808,0.848159
6818,0.848159
6828,0.848159
6838,0.848159
6848,0.848159
6858,0.848159
6868,0.848159
6966,0.848159
6976,0.848159
6986,0.848159
6996,0.848159
7006,0.848159
7016,0.848159
7026,0.848159
7036,0.848159
7046,0.848159
7056,0.848159
7154,0.848159
7164,0.848159
7174,0.848159
7184,0.848159
7194,0.848159
7204,0.848159
7214,0.848159
7224,0.848159
7234,0.848159
7244,0.848159
7342,0.848159
7352,0.848159
7362,0.848159
7372,0.848159
7382,0.848159
7392,0.848159
7402,0.848159
7412,0.848159
7422,0.848159
7432,0.848159
7530,0.848159
7540,0.848159
7550,0.848159
7560,0.848159
7570,0.848159
7580,0.848159
7590,0.849951
7600,0.849951
7610,0.849951
7620,0.849951
7718,0.849951
7728,0.849951
7738,0.849951
7748,0.849951
7758,0.849951
7768,0.849951
7778,0.849951
7788,0.849951
7798,0.849951
7808,0.849951
7906,0.849951
7916,0.849951
7926,0.849951
7936,0.849951
7946,0.849951
7956,0.849951
7966,0.849951
7976,0.849951
7986,0.849951
7996,0.849951
8094,0.849951
8104,0.849951
8114,0.849951
8124,0.849951
8134,0.849951
8144,0.849951
8154,0.849951
8164,0.849951
8174,0.849951
8184,0.852354
8282,0.852354
8292,0.852354
8302,0.852354
8312,0.852354
8322,0.852354
8332,0.852354
8342,0.852354
8352,0.852354
8362,0.852354
8372,0.852354
8470,0.852354
8480,0.852354
8490,0.852354
8500,0.852354
8510,0.852354
8520,0.852354
8530,0.852354
8540,0.852354
8550,0.852354
8560,0.852354
8658,0.852354
8668,0.852354
8678,0.852354
8688,0.852354
8698,0.852354
8708,0.852354
8718,0.852354
8728,0.852354
8738,0.852354
8748,0.852354
8846,0.852354
8856,0.852354
8866,0.852354
8876,0.852354
8886,0.852354
8896,0.852354
8906,0.852354
8916,0.852354
8926,0.852354
8936,0.852354
9034,0.852354
9044,0.852354
9054,0.852354
9064,0.852354
9074,0.852354
9084,0.852354
9094,0.852354
9104,0.852354
9114,0.852354
9124,0.852354
9222,0.852354
9232,0.852354
9242,0.852354
9252,0.852354
9262,0.852354
9272,0.852354
9282,0.852354
9292,0.852354
9302,0.852354
9312,0.852354
9410,0.852354
9420,0.852354
9430,0.852354
9440,0.852354
9450,0.852354
9460,0.852354
9470,0.852354
9480,0.852354
9490,0.852354
9500,0.852354
9598,0.852354
9608,0.852354
9618,0.852354
9628,0.852354
9638,0.852354
9648,0.852354
9658,0.852354
9668,0.852354
9678,0.852354
9688,0.852354
9786,0.852354
9796,0.854146
9806,0.854146
9816,0.854146
9826,0.854146
9836,0.854146
9846,0.854146
9856,0.854146
9866,0.854146
9876,0.854146
9974,0.854146
9984,0.854146
9994,0.854146
10004,0.854146
10014,0.854146
10024,0.854146
10034,0.854146
10044,0.854146
10054,0.854146
10064,0.854146
10162,0.854146
10172,0.854146
10182,0.854146
10192,0.854146
10202,0.854146
10212,0.854146
10222,0.854146
10232,0.854146
10242,0.854146
10252,0.854146
10350,0.854146
10360,0.854146
10370,0.854146
10380,0.854146
10390,0.854146
10400,0.854146
10410,0.854146
10420,0.854146
10430,0.854146
10440,0.854146
10538,0.854146
10548,0.854146
10558,0.854146
10568,0.854146
10578,0.854146
10588,0.854146
10598,0.854146
10608,0.854146
10618,0.854146
10628,0.854146
10726,0.854146
10736,0.854146
10746,0.854146
10756,0.854146
10766,0.854146
10776,0.855938
10786,0.855938
10796,0.855938
10806,0.855938
10816,0.855938
10914,0.855938
10924,0.855938
10934,0.855938
10944,0.855938
10954,0.855938
10964,0.855938
10974,0.855938
10984,0.855938
10994,0.855938
11004,0.855938
11102,0.855938
11112,0.855938
11122,0.855938
11132,0.855938
11142,0.855938
11152,0.855938
11162,0.855938
11172,0.855938
11182,0.855938
11192,0.855938
11290,0.855938
11300,0.855938
11310,0.855938
11320,0.855938
11330,0.855938
11340,0.855938
11350,0.855938
11360,0.855938
11370,0.855938
11380,0.855938
11478,0.855938
11488,0.855938
11498,0.855938
11508,0.855938
11518,0.855938
11528,0.855938
11538,0.855938
11548,0.855938
11558,0.855938
11568,0.855938
11666,0.855938
11676,0.855938
11686,0.855938
11696,0.855938
11706,0.855938
11716,0.855938
11726,0.855938
11736,0.855938
11746,0.855938
11756,0.855938
11854,0.855938
11864,0.855938
11874,0.855938
11884,0.855938
11894,0.855938
11904,0.855938
11914,0.855938
11924,0.855938
11934,0.855938
11944,0.855938
12042,0.855938
12052,0.855938
12062,0.855938
12072,0.855938
12082,0.855938
12092,0.855938
12102,0.855938
12112,0.855938
12122,0.855938
12132,0.855938
12230,0.855938
12240,0.855938
12250,0.855938
12260,0.855938
12270,0.855938
12280,0.855938
12290,0.855938
12300,0.855938
12310,0.855938
12320,0.855938
12418,0.855938
12428,0.855938
12438,0.855938
12448,0.855938
12458,0.855938
12468,0.855938
12478,0.855938
12488,0.855938
12498,0.855938
12508,0.855938
12606,0.855938
12616,0.855938
12626,0.855938
12636,0.855938
12646,0.855938
12656,0.855938
12666,0.855938
12676,0.855938
12686,0.855938
12696,0.855938
12794,0.855938
12804,0.855938
12814,0.855938
12824,0.855938
12834,0.855938
12844,0.855938
12854,0.855938
12864,0.855938
12874,0.855938
12884,0.855938
12982,0.855938
12992,0.855938
13002,0.855938
13012,0.855938
13022,0.855938
13032,0.855938
13042,0.855938
13052,0.855938
13062,0.855938
13072,0.855938
13170,0.855938
13180,0.855938
13190,0.855938
13200,0.855938
13210,0.855938
13220,0.855938
13230,0.855938
13240,0.855938
13250,0.855938
13260,0.855938
13358,0.855938
13368,0.855938
13378,0.855938
13388,0.855938
13398,0.855938
13408,0.855938
13418,0.855938
13428,0.855938
13438,0.855938
13448,0.855938
13546,0.855938
13556,0.855938
13566,0.855938
13576,0.855938
13586,0.855938
13596,0.855938
13606,0.855938
13616,0.855938
13626,0.855938
13636,0.855938
13734,0.855938
13744,0.855938
13754,0.855938
13764,0.855938
13774,0.855938
13784,0.855938
13794,0.855938
13804,0.855938
13814,0.855938
13824,0.855938
13922,0.855938
13932,0.855938
13942,0.855938
13952,0.855938
13962,0.855938
13972,0.855938
13982,0.855938
13992,0.855938
14002,0.855938
14012,0.855938
14110,0.855938
14120,0.855938
14130,0.855938
14140,0.855938
14150,0.855938
14160,0.855938
14170,0.855938
14180,0.855938
14190,0.855938
14200,0.855938
14298,0.855938
14308,0.855938
14318,0.855938
14328,0.855938
14338,0.855938
14348,0.855938
14358,0.855938
14368,0.855938
14378,0.855938
14388,0.855938
14486,0.855938
14496,0.855938
14506,0.855938
14516,0.855938
14526,0.855938
14536,0.855938
14546,0.855938
14556,0.855938
14566,0.855938
14576,0.855938
14674,0.855938
14684,0.855938
14694,0.855938
14704,0.855938
14714,0.855938
14724,0.855938
14734,0.855938
14744,0.855938
14754,0.855938
14764,0.855938
14862,0.855938
14872,0.855938
14882,0.855938
14892,0.855938
14902,0.855938
14912,0.855938
14922,0.855938
14932,0.855938
14942,0.855938
14952,0.855938
15010,0.855938
